
  0.000000 -0.500000  4.000000
  0.000000 -0.474359  4.000000
  0.000000 -0.448718  4.000000
  0.000000 -0.423077  4.000000
  0.000000 -0.397436  4.000000
  0.000000 -0.371795  4.000000
  0.000000 -0.346154  4.000000
  0.000000 -0.320513  4.000000
  0.000000 -0.294872  4.000000
  0.000000 -0.269231  4.000000
  0.000000 -0.243590  4.000000
  0.000000 -0.217949  4.000000
  0.000000 -0.192308  4.000000
  0.000000 -0.166667  4.000000
  0.000000 -0.141026  3.420856
  0.000000 -0.115385  2.198442
  0.000000 -0.089744  0.795484
  0.000000 -0.064103  0.665058
  0.000000 -0.038462  0.640980
  0.000000 -0.012821  0.576554
  0.000000  0.012821  0.469334
  0.000000  0.038462  0.329786
  0.000000  0.064103  0.194097
  0.000000  0.089744  0.122098
  0.000000  0.115385  0.250148
  0.000000  0.141026  1.197707
  0.000000  0.166667  3.307227
  0.000000  0.192308  4.000000
  0.000000  0.217949  4.000000
  0.000000  0.243590  4.000000
  0.000000  0.269231  4.000000
  0.000000  0.294872  4.000000
  0.000000  0.320513  4.000000
  0.000000  0.346154  4.000000
  0.000000  0.371795  4.000000
  0.000000  0.397436  4.000000
  0.000000  0.423077  4.000000
  0.000000  0.448718  4.000000
  0.000000  0.474359  4.000000
  0.000000  0.500000  4.000000

  0.090816 -0.500000  4.000000
  0.090816 -0.474359  4.000000
  0.090816 -0.448718  4.000000
  0.090816 -0.423077  4.000000
  0.090816 -0.397436  4.000000
  0.090816 -0.371795  4.000000
  0.090816 -0.346154  4.000000
  0.090816 -0.320513  4.000000
  0.090816 -0.294872  4.000000
  0.090816 -0.269231  4.000000
  0.090816 -0.243590  4.000000
  0.090816 -0.217949  4.000000
  0.090816 -0.192308  4.000000
  0.090816 -0.166667  4.000000
  0.090816 -0.141026  3.408940
  0.090816 -0.115385  2.210036
  0.090816 -0.089744  0.778751
  0.090816 -0.064103  0.753701
  0.090816 -0.038462  0.736574
  0.090816 -0.012821  0.647818
  0.090816  0.012821  0.519211
  0.090816  0.038462  0.365198
  0.090816  0.064103  0.225577
  0.090816  0.089744  0.143382
  0.090816  0.115385  0.213441
  0.090816  0.141026  0.908369
  0.090816  0.166667  2.775981
  0.090816  0.192308  4.000000
  0.090816  0.217949  4.000000
  0.090816  0.243590  4.000000
  0.090816  0.269231  4.000000
  0.090816  0.294872  4.000000
  0.090816  0.320513  4.000000
  0.090816  0.346154  4.000000
  0.090816  0.371795  4.000000
  0.090816  0.397436  4.000000
  0.090816  0.423077  4.000000
  0.090816  0.448718  4.000000
  0.090816  0.474359  4.000000
  0.090816  0.500000  4.000000

  0.181633 -0.500000  4.000000
  0.181633 -0.474359  4.000000
  0.181633 -0.448718  4.000000
  0.181633 -0.423077  4.000000
  0.181633 -0.397436  4.000000
  0.181633 -0.371795  4.000000
  0.181633 -0.346154  4.000000
  0.181633 -0.320513  4.000000
  0.181633 -0.294872  4.000000
  0.181633 -0.269231  4.000000
  0.181633 -0.243590  4.000000
  0.181633 -0.217949  4.000000
  0.181633 -0.192308  4.000000
  0.181633 -0.166667  4.000000
  0.181633 -0.141026  3.407500
  0.181633 -0.115385  2.207276
  0.181633 -0.089744  0.786201
  0.181633 -0.064103  0.784778
  0.181633 -0.038462  0.814176
  0.181633 -0.012821  0.707736
  0.181633  0.012821  0.554824
  0.181633  0.038462  0.389958
  0.181633  0.064103  0.251776
  0.181633  0.089744  0.170334
  0.181633  0.115385  0.205181
  0.181633  0.141026  0.777008
  0.181633  0.166667  2.402075
  0.181633  0.192308  4.000000
  0.181633  0.217949  4.000000
  0.181633  0.243590  4.000000
  0.181633  0.269231  4.000000
  0.181633  0.294872  4.000000
  0.181633  0.320513  4.000000
  0.181633  0.346154  4.000000
  0.181633  0.371795  4.000000
  0.181633  0.397436  4.000000
  0.181633  0.423077  4.000000
  0.181633  0.448718  4.000000
  0.181633  0.474359  4.000000
  0.181633  0.500000  4.000000

  0.272449 -0.500000  4.000000
  0.272449 -0.474359  4.000000
  0.272449 -0.448718  4.000000
  0.272449 -0.423077  4.000000
  0.272449 -0.397436  4.000000
  0.272449 -0.371795  4.000000
  0.272449 -0.346154  4.000000
  0.272449 -0.320513  4.000000
  0.272449 -0.294872  4.000000
  0.272449 -0.269231  4.000000
  0.272449 -0.243590  4.000000
  0.272449 -0.217949  4.000000
  0.272449 -0.192308  4.000000
  0.272449 -0.166667  4.000000
  0.272449 -0.141026  3.407418
  0.272449 -0.115385  2.207678
  0.272449 -0.089744  0.762415
  0.272449 -0.064103  0.780513
  0.272449 -0.038462  0.857590
  0.272449 -0.012821  0.746431
  0.272449  0.012821  0.573412
  0.272449  0.038462  0.401751
  0.272449  0.064103  0.272205
  0.272449  0.089744  0.200594
  0.272449  0.115385  0.222187
  0.272449  0.141026  0.733229
  0.272449  0.166667  2.257348
  0.272449  0.192308  4.000000
  0.272449  0.217949  4.000000
  0.272449  0.243590  4.000000
  0.272449  0.269231  4.000000
  0.272449  0.294872  4.000000
  0.272449  0.320513  4.000000
  0.272449  0.346154  4.000000
  0.272449  0.371795  4.000000
  0.272449  0.397436  4.000000
  0.272449  0.423077  4.000000
  0.272449  0.448718  4.000000
  0.272449  0.474359  4.000000
  0.272449  0.500000  4.000000

  0.363265 -0.500000  4.000000
  0.363265 -0.474359  4.000000
  0.363265 -0.448718  4.000000
  0.363265 -0.423077  4.000000
  0.363265 -0.397436  4.000000
  0.363265 -0.371795  4.000000
  0.363265 -0.346154  4.000000
  0.363265 -0.320513  4.000000
  0.363265 -0.294872  4.000000
  0.363265 -0.269231  4.000000
  0.363265 -0.243590  4.000000
  0.363265 -0.217949  4.000000
  0.363265 -0.192308  4.000000
  0.363265 -0.166667  4.000000
  0.363265 -0.141026  3.409043
  0.363265 -0.115385  2.204745
  0.363265 -0.089744  0.747817
  0.363265 -0.064103  0.726314
  0.363265 -0.038462  0.848489
  0.363265 -0.012821  0.757329
  0.363265  0.012821  0.580222
  0.363265  0.038462  0.413575
  0.363265  0.064103  0.297292
  0.363265  0.089744  0.237179
  0.363265  0.115385  0.264821
  0.363265  0.141026  0.772203
  0.363265  0.166667  2.313880
  0.363265  0.192308  4.000000
  0.363265  0.217949  4.000000
  0.363265  0.243590  4.000000
  0.363265  0.269231  4.000000
  0.363265  0.294872  4.000000
  0.363265  0.320513  4.000000
  0.363265  0.346154  4.000000
  0.363265  0.371795  4.000000
  0.363265  0.397436  4.000000
  0.363265  0.423077  4.000000
  0.363265  0.448718  4.000000
  0.363265  0.474359  4.000000
  0.363265  0.500000  4.000000

  0.454082 -0.500000  4.000000
  0.454082 -0.474359  4.000000
  0.454082 -0.448718  4.000000
  0.454082 -0.423077  4.000000
  0.454082 -0.397436  4.000000
  0.454082 -0.371795  4.000000
  0.454082 -0.346154  4.000000
  0.454082 -0.320513  4.000000
  0.454082 -0.294872  4.000000
  0.454082 -0.269231  4.000000
  0.454082 -0.243590  4.000000
  0.454082 -0.217949  4.000000
  0.454082 -0.192308  4.000000
  0.454082 -0.166667  4.000000
  0.454082 -0.141026  3.413447
  0.454082 -0.115385  2.199282
  0.454082 -0.089744  0.699581
  0.454082 -0.064103  0.593447
  0.454082 -0.038462  0.786875
  0.454082 -0.012821  0.752401
  0.454082  0.012821  0.590338
  0.454082  0.038462  0.438605
  0.454082  0.064103  0.337022
  0.454082  0.089744  0.286842
  0.454082  0.115385  0.332033
  0.454082  0.141026  0.887122
  0.454082  0.166667  2.562463
  0.454082  0.192308  4.000000
  0.454082  0.217949  4.000000
  0.454082  0.243590  4.000000
  0.454082  0.269231  4.000000
  0.454082  0.294872  4.000000
  0.454082  0.320513  4.000000
  0.454082  0.346154  4.000000
  0.454082  0.371795  4.000000
  0.454082  0.397436  4.000000
  0.454082  0.423077  4.000000
  0.454082  0.448718  4.000000
  0.454082  0.474359  4.000000
  0.454082  0.500000  4.000000

  0.544898 -0.500000  4.000000
  0.544898 -0.474359  4.000000
  0.544898 -0.448718  4.000000
  0.544898 -0.423077  4.000000
  0.544898 -0.397436  4.000000
  0.544898 -0.371795  4.000000
  0.544898 -0.346154  4.000000
  0.544898 -0.320513  4.000000
  0.544898 -0.294872  4.000000
  0.544898 -0.269231  4.000000
  0.544898 -0.243590  4.000000
  0.544898 -0.217949  4.000000
  0.544898 -0.192308  4.000000
  0.544898 -0.166667  4.000000
  0.544898 -0.141026  3.421876
  0.544898 -0.115385  2.193815
  0.544898 -0.089744  0.653379
  0.544898 -0.064103  0.414471
  0.544898 -0.038462  0.647178
  0.544898 -0.012821  0.740427
  0.544898  0.012821  0.610070
  0.544898  0.038462  0.478476
  0.544898  0.064103  0.390717
  0.544898  0.089744  0.351869
  0.544898  0.115385  0.418194
  0.544898  0.141026  1.060172
  0.544898  0.166667  2.967845
  0.544898  0.192308  4.000000
  0.544898  0.217949  4.000000
  0.544898  0.243590  4.000000
  0.544898  0.269231  4.000000
  0.544898  0.294872  4.000000
  0.544898  0.320513  4.000000
  0.544898  0.346154  4.000000
  0.544898  0.371795  4.000000
  0.544898  0.397436  4.000000
  0.544898  0.423077  4.000000
  0.544898  0.448718  4.000000
  0.544898  0.474359  4.000000
  0.544898  0.500000  4.000000

  0.635714 -0.500000  4.000000
  0.635714 -0.474359  4.000000
  0.635714 -0.448718  4.000000
  0.635714 -0.423077  4.000000
  0.635714 -0.397436  4.000000
  0.635714 -0.371795  4.000000
  0.635714 -0.346154  4.000000
  0.635714 -0.320513  4.000000
  0.635714 -0.294872  4.000000
  0.635714 -0.269231  4.000000
  0.635714 -0.243590  4.000000
  0.635714 -0.217949  4.000000
  0.635714 -0.192308  4.000000
  0.635714 -0.166667  4.000000
  0.635714 -0.141026  3.441528
  0.635714 -0.115385  2.093964
  0.635714 -0.089744  0.621545
  0.635714 -0.064103  0.338882
  0.635714 -0.038462  0.527110
  0.635714 -0.012821  0.680516
  0.635714  0.012821  0.617581
  0.635714  0.038462  0.518040
  0.635714  0.064103  0.450288
  0.635714  0.089744  0.424686
  0.635714  0.115385  0.517154
  0.635714  0.141026  1.323885
  0.635714  0.166667  3.393422
  0.635714  0.192308  4.000000
  0.635714  0.217949  4.000000
  0.635714  0.243590  4.000000
  0.635714  0.269231  4.000000
  0.635714  0.294872  4.000000
  0.635714  0.320513  4.000000
  0.635714  0.346154  4.000000
  0.635714  0.371795  4.000000
  0.635714  0.397436  4.000000
  0.635714  0.423077  4.000000
  0.635714  0.448718  4.000000
  0.635714  0.474359  4.000000
  0.635714  0.500000  4.000000

  0.726531 -0.500000  4.000000
  0.726531 -0.474359  4.000000
  0.726531 -0.448718  4.000000
  0.726531 -0.423077  4.000000
  0.726531 -0.397436  4.000000
  0.726531 -0.371795  4.000000
  0.726531 -0.346154  4.000000
  0.726531 -0.320513  4.000000
  0.726531 -0.294872  4.000000
  0.726531 -0.269231  4.000000
  0.726531 -0.243590  4.000000
  0.726531 -0.217949  4.000000
  0.726531 -0.192308  4.000000
  0.726531 -0.166667  4.000000
  0.726531 -0.141026  3.479037
  0.726531 -0.115385  1.769903
  0.726531 -0.089744  0.575430
  0.726531 -0.064103  0.323783
  0.726531 -0.038462  0.475385
  0.726531 -0.012821  0.615087
  0.726531  0.012821  0.606636
  0.726531  0.038462  0.554214
  0.726531  0.064103  0.514443
  0.726531  0.089744  0.506784
  0.726531  0.115385  0.669789
  0.726531  0.141026  1.590140
  0.726531  0.166667  3.785752
  0.726531  0.192308  4.000000
  0.726531  0.217949  4.000000
  0.726531  0.243590  4.000000
  0.726531  0.269231  4.000000
  0.726531  0.294872  4.000000
  0.726531  0.320513  4.000000
  0.726531  0.346154  4.000000
  0.726531  0.371795  4.000000
  0.726531  0.397436  4.000000
  0.726531  0.423077  4.000000
  0.726531  0.448718  4.000000
  0.726531  0.474359  4.000000
  0.726531  0.500000  4.000000

  0.817347 -0.500000  4.000000
  0.817347 -0.474359  4.000000
  0.817347 -0.448718  4.000000
  0.817347 -0.423077  4.000000
  0.817347 -0.397436  4.000000
  0.817347 -0.371795  4.000000
  0.817347 -0.346154  4.000000
  0.817347 -0.320513  4.000000
  0.817347 -0.294872  4.000000
  0.817347 -0.269231  4.000000
  0.817347 -0.243590  4.000000
  0.817347 -0.217949  4.000000
  0.817347 -0.192308  4.000000
  0.817347 -0.166667  4.000000
  0.817347 -0.141026  3.455753
  0.817347 -0.115385  1.394077
  0.817347 -0.089744  0.492616
  0.817347 -0.064103  0.353678
  0.817347 -0.038462  0.492718
  0.817347 -0.012821  0.588753
  0.817347  0.012821  0.608909
  0.817347  0.038462  0.595311
  0.817347  0.064103  0.583967
  0.817347  0.089744  0.597167
  0.817347  0.115385  0.792321
  0.817347  0.141026  2.012984
  0.817347  0.166667  4.000000
  0.817347  0.192308  4.000000
  0.817347  0.217949  4.000000
  0.817347  0.243590  4.000000
  0.817347  0.269231  4.000000
  0.817347  0.294872  4.000000
  0.817347  0.320513  4.000000
  0.817347  0.346154  4.000000
  0.817347  0.371795  4.000000
  0.817347  0.397436  4.000000
  0.817347  0.423077  4.000000
  0.817347  0.448718  4.000000
  0.817347  0.474359  4.000000
  0.817347  0.500000  4.000000

  0.908163 -0.500000  4.000000
  0.908163 -0.474359  4.000000
  0.908163 -0.448718  4.000000
  0.908163 -0.423077  4.000000
  0.908163 -0.397436  4.000000
  0.908163 -0.371795  4.000000
  0.908163 -0.346154  4.000000
  0.908163 -0.320513  4.000000
  0.908163 -0.294872  4.000000
  0.908163 -0.269231  4.000000
  0.908163 -0.243590  4.000000
  0.908163 -0.217949  4.000000
  0.908163 -0.192308  4.000000
  0.908163 -0.166667  4.000000
  0.908163 -0.141026  2.674448
  0.908163 -0.115385  0.960441
  0.908163 -0.089744  0.288370
  0.908163 -0.064103  0.356538
  0.908163 -0.038462  0.537892
  0.908163 -0.012821  0.620728
  0.908163  0.012821  0.651357
  0.908163  0.038462  0.658096
  0.908163  0.064103  0.661982
  0.908163  0.089744  0.687628
  0.908163  0.115385  0.967149
  0.908163  0.141026  2.534780
  0.908163  0.166667  4.000000
  0.908163  0.192308  4.000000
  0.908163  0.217949  4.000000
  0.908163  0.243590  4.000000
  0.908163  0.269231  4.000000
  0.908163  0.294872  4.000000
  0.908163  0.320513  4.000000
  0.908163  0.346154  4.000000
  0.908163  0.371795  4.000000
  0.908163  0.397436  4.000000
  0.908163  0.423077  4.000000
  0.908163  0.448718  4.000000
  0.908163  0.474359  4.000000
  0.908163  0.500000  4.000000

  0.998980 -0.500000  4.000000
  0.998980 -0.474359  4.000000
  0.998980 -0.448718  4.000000
  0.998980 -0.423077  4.000000
  0.998980 -0.397436  4.000000
  0.998980 -0.371795  4.000000
  0.998980 -0.346154  4.000000
  0.998980 -0.320513  4.000000
  0.998980 -0.294872  4.000000
  0.998980 -0.269231  4.000000
  0.998980 -0.243590  4.000000
  0.998980 -0.217949  4.000000
  0.998980 -0.192308  4.000000
  0.998980 -0.166667  4.000000
  0.998980 -0.141026  1.929209
  0.998980 -0.115385  0.591503
  0.998980 -0.089744  0.237035
  0.998980 -0.064103  0.415635
  0.998980 -0.038462  0.583652
  0.998980 -0.012821  0.670708
  0.998980  0.012821  0.709650
  0.998980  0.038462  0.724267
  0.998980  0.064103  0.732076
  0.998980  0.089744  0.775470
  0.998980  0.115385  1.234764
  0.998980  0.141026  3.247925
  0.998980  0.166667  4.000000
  0.998980  0.192308  4.000000
  0.998980  0.217949  4.000000
  0.998980  0.243590  4.000000
  0.998980  0.269231  4.000000
  0.998980  0.294872  4.000000
  0.998980  0.320513  4.000000
  0.998980  0.346154  4.000000
  0.998980  0.371795  4.000000
  0.998980  0.397436  4.000000
  0.998980  0.423077  4.000000
  0.998980  0.448718  4.000000
  0.998980  0.474359  4.000000
  0.998980  0.500000  4.000000

  1.089796 -0.500000  4.000000
  1.089796 -0.474359  4.000000
  1.089796 -0.448718  4.000000
  1.089796 -0.423077  4.000000
  1.089796 -0.397436  4.000000
  1.089796 -0.371795  4.000000
  1.089796 -0.346154  4.000000
  1.089796 -0.320513  4.000000
  1.089796 -0.294872  4.000000
  1.089796 -0.269231  4.000000
  1.089796 -0.243590  4.000000
  1.089796 -0.217949  4.000000
  1.089796 -0.192308  4.000000
  1.089796 -0.166667  3.274067
  1.089796 -0.141026  1.280222
  1.089796 -0.115385  0.354103
  1.089796 -0.089744  0.207070
  1.089796 -0.064103  0.461587
  1.089796 -0.038462  0.633987
  1.089796 -0.012821  0.728181
  1.089796  0.012821  0.775135
  1.089796  0.038462  0.793525
  1.089796  0.064103  0.798632
  1.089796  0.089744  0.886299
  1.089796  0.115385  1.643283
  1.089796  0.141026  3.528244
  1.089796  0.166667  4.000000
  1.089796  0.192308  4.000000
  1.089796  0.217949  4.000000
  1.089796  0.243590  4.000000
  1.089796  0.269231  4.000000
  1.089796  0.294872  4.000000
  1.089796  0.320513  4.000000
  1.089796  0.346154  4.000000
  1.089796  0.371795  4.000000
  1.089796  0.397436  4.000000
  1.089796  0.423077  4.000000
  1.089796  0.448718  4.000000
  1.089796  0.474359  4.000000
  1.089796  0.500000  4.000000

  1.180612 -0.500000  4.000000
  1.180612 -0.474359  4.000000
  1.180612 -0.448718  4.000000
  1.180612 -0.423077  4.000000
  1.180612 -0.397436  4.000000
  1.180612 -0.371795  4.000000
  1.180612 -0.346154  4.000000
  1.180612 -0.320513  4.000000
  1.180612 -0.294872  4.000000
  1.180612 -0.269231  4.000000
  1.180612 -0.243590  4.000000
  1.180612 -0.217949  4.000000
  1.180612 -0.192308  4.000000
  1.180612 -0.166667  2.277811
  1.180612 -0.141026  0.838510
  1.180612 -0.115385  0.292984
  1.180612 -0.089744  0.276293
  1.180612 -0.064103  0.499951
  1.180612 -0.038462  0.681090
  1.180612 -0.012821  0.791325
  1.180612  0.012821  0.852882
  1.180612  0.038462  0.881362
  1.180612  0.064103  0.893382
  1.180612  0.089744  0.955904
  1.180612  0.115385  2.082403
  1.180612  0.141026  3.505101
  1.180612  0.166667  4.000000
  1.180612  0.192308  4.000000
  1.180612  0.217949  4.000000
  1.180612  0.243590  4.000000
  1.180612  0.269231  4.000000
  1.180612  0.294872  4.000000
  1.180612  0.320513  4.000000
  1.180612  0.346154  4.000000
  1.180612  0.371795  4.000000
  1.180612  0.397436  4.000000
  1.180612  0.423077  4.000000
  1.180612  0.448718  4.000000
  1.180612  0.474359  4.000000
  1.180612  0.500000  4.000000

  1.271428 -0.500000  4.000000
  1.271428 -0.474359  4.000000
  1.271428 -0.448718  4.000000
  1.271428 -0.423077  4.000000
  1.271428 -0.397436  4.000000
  1.271428 -0.371795  4.000000
  1.271428 -0.346154  4.000000
  1.271428 -0.320513  4.000000
  1.271428 -0.294872  4.000000
  1.271428 -0.269231  4.000000
  1.271428 -0.243590  4.000000
  1.271428 -0.217949  4.000000
  1.271428 -0.192308  3.532518
  1.271428 -0.166667  1.543173
  1.271428 -0.141026  0.585970
  1.271428 -0.115385  0.262272
  1.271428 -0.089744  0.325290
  1.271428 -0.064103  0.542730
  1.271428 -0.038462  0.734206
  1.271428 -0.012821  0.864450
  1.271428  0.012821  0.945679
  1.271428  0.038462  0.990543
  1.271428  0.064103  0.992068
  1.271428  0.089744  0.998320
  1.271428  0.115385  2.180741
  1.271428  0.141026  3.494100
  1.271428  0.166667  4.000000
  1.271428  0.192308  4.000000
  1.271428  0.217949  4.000000
  1.271428  0.243590  4.000000
  1.271428  0.269231  4.000000
  1.271428  0.294872  4.000000
  1.271428  0.320513  4.000000
  1.271428  0.346154  4.000000
  1.271428  0.371795  4.000000
  1.271428  0.397436  4.000000
  1.271428  0.423077  4.000000
  1.271428  0.448718  4.000000
  1.271428  0.474359  4.000000
  1.271428  0.500000  4.000000

  1.362245 -0.500000  4.000000
  1.362245 -0.474359  4.000000
  1.362245 -0.448718  4.000000
  1.362245 -0.423077  4.000000
  1.362245 -0.397436  4.000000
  1.362245 -0.371795  4.000000
  1.362245 -0.346154  4.000000
  1.362245 -0.320513  4.000000
  1.362245 -0.294872  4.000000
  1.362245 -0.269231  4.000000
  1.362245 -0.243590  4.000000
  1.362245 -0.217949  4.000000
  1.362245 -0.192308  3.199801
  1.362245 -0.166667  1.231172
  1.362245 -0.141026  0.451193
  1.362245 -0.115385  0.256439
  1.362245 -0.089744  0.347158
  1.362245 -0.064103  0.565082
  1.362245 -0.038462  0.776380
  1.362245 -0.012821  0.933469
  1.362245  0.012821  1.038290
  1.362245  0.038462  1.088753
  1.362245  0.064103  1.054860
  1.362245  0.089744  1.013499
  1.362245  0.115385  2.177114
  1.362245  0.141026  3.490577
  1.362245  0.166667  4.000000
  1.362245  0.192308  4.000000
  1.362245  0.217949  4.000000
  1.362245  0.243590  4.000000
  1.362245  0.269231  4.000000
  1.362245  0.294872  4.000000
  1.362245  0.320513  4.000000
  1.362245  0.346154  4.000000
  1.362245  0.371795  4.000000
  1.362245  0.397436  4.000000
  1.362245  0.423077  4.000000
  1.362245  0.448718  4.000000
  1.362245  0.474359  4.000000
  1.362245  0.500000  4.000000

  1.453061 -0.500000  4.000000
  1.453061 -0.474359  4.000000
  1.453061 -0.448718  4.000000
  1.453061 -0.423077  4.000000
  1.453061 -0.397436  4.000000
  1.453061 -0.371795  4.000000
  1.453061 -0.346154  4.000000
  1.453061 -0.320513  4.000000
  1.453061 -0.294872  4.000000
  1.453061 -0.269231  4.000000
  1.453061 -0.243590  4.000000
  1.453061 -0.217949  4.000000
  1.453061 -0.192308  2.880939
  1.453061 -0.166667  1.092447
  1.453061 -0.141026  0.419812
  1.453061 -0.115385  0.274521
  1.453061 -0.089744  0.352071
  1.453061 -0.064103  0.555879
  1.453061 -0.038462  0.788625
  1.453061 -0.012821  0.980114
  1.453061  0.012821  1.110496
  1.453061  0.038462  1.156022
  1.453061  0.064103  1.067384
  1.453061  0.089744  1.010884
  1.453061  0.115385  2.178345
  1.453061  0.141026  3.489467
  1.453061  0.166667  4.000000
  1.453061  0.192308  4.000000
  1.453061  0.217949  4.000000
  1.453061  0.243590  4.000000
  1.453061  0.269231  4.000000
  1.453061  0.294872  4.000000
  1.453061  0.320513  4.000000
  1.453061  0.346154  4.000000
  1.453061  0.371795  4.000000
  1.453061  0.397436  4.000000
  1.453061  0.423077  4.000000
  1.453061  0.448718  4.000000
  1.453061  0.474359  4.000000
  1.453061  0.500000  4.000000

  1.543877 -0.500000  4.000000
  1.543877 -0.474359  4.000000
  1.543877 -0.448718  4.000000
  1.543877 -0.423077  4.000000
  1.543877 -0.397436  4.000000
  1.543877 -0.371795  4.000000
  1.543877 -0.346154  4.000000
  1.543877 -0.320513  4.000000
  1.543877 -0.294872  4.000000
  1.543877 -0.269231  4.000000
  1.543877 -0.243590  4.000000
  1.543877 -0.217949  4.000000
  1.543877 -0.192308  2.912342
  1.543877 -0.166667  1.110380
  1.543877 -0.141026  0.441940
  1.543877 -0.115385  0.308297
  1.543877 -0.089744  0.354881
  1.543877 -0.064103  0.522361
  1.543877 -0.038462  0.755946
  1.543877 -0.012821  0.983855
  1.543877  0.012821  1.141579
  1.543877  0.038462  1.169974
  1.543877  0.064103  1.046395
  1.543877  0.089744  0.975779
  1.543877  0.115385  2.179606
  1.543877  0.141026  3.488309
  1.543877  0.166667  4.000000
  1.543877  0.192308  4.000000
  1.543877  0.217949  4.000000
  1.543877  0.243590  4.000000
  1.543877  0.269231  4.000000
  1.543877  0.294872  4.000000
  1.543877  0.320513  4.000000
  1.543877  0.346154  4.000000
  1.543877  0.371795  4.000000
  1.543877  0.397436  4.000000
  1.543877  0.423077  4.000000
  1.543877  0.448718  4.000000
  1.543877  0.474359  4.000000
  1.543877  0.500000  4.000000

  1.634694 -0.500000  4.000000
  1.634694 -0.474359  4.000000
  1.634694 -0.448718  4.000000
  1.634694 -0.423077  4.000000
  1.634694 -0.397436  4.000000
  1.634694 -0.371795  4.000000
  1.634694 -0.346154  4.000000
  1.634694 -0.320513  4.000000
  1.634694 -0.294872  4.000000
  1.634694 -0.269231  4.000000
  1.634694 -0.243590  4.000000
  1.634694 -0.217949  4.000000
  1.634694 -0.192308  3.213907
  1.634694 -0.166667  1.257779
  1.634694 -0.141026  0.513520
  1.634694 -0.115385  0.368234
  1.634694 -0.089744  0.387110
  1.634694 -0.064103  0.508308
  1.634694 -0.038462  0.709521
  1.634694 -0.012821  0.933337
  1.634694  0.012821  1.091430
  1.634694  0.038462  1.086717
  1.634694  0.064103  0.961839
  1.634694  0.089744  0.988757
  1.634694  0.115385  2.184662
  1.634694  0.141026  3.488659
  1.634694  0.166667  4.000000
  1.634694  0.192308  4.000000
  1.634694  0.217949  4.000000
  1.634694  0.243590  4.000000
  1.634694  0.269231  4.000000
  1.634694  0.294872  4.000000
  1.634694  0.320513  4.000000
  1.634694  0.346154  4.000000
  1.634694  0.371795  4.000000
  1.634694  0.397436  4.000000
  1.634694  0.423077  4.000000
  1.634694  0.448718  4.000000
  1.634694  0.474359  4.000000
  1.634694  0.500000  4.000000

  1.725510 -0.500000  4.000000
  1.725510 -0.474359  4.000000
  1.725510 -0.448718  4.000000
  1.725510 -0.423077  4.000000
  1.725510 -0.397436  4.000000
  1.725510 -0.371795  4.000000
  1.725510 -0.346154  4.000000
  1.725510 -0.320513  4.000000
  1.725510 -0.294872  4.000000
  1.725510 -0.269231  4.000000
  1.725510 -0.243590  4.000000
  1.725510 -0.217949  4.000000
  1.725510 -0.192308  3.488945
  1.725510 -0.166667  1.531391
  1.725510 -0.141026  0.675997
  1.725510 -0.115385  0.455667
  1.725510 -0.089744  0.452912
  1.725510 -0.064103  0.537127
  1.725510 -0.038462  0.696056
  1.725510 -0.012821  0.889585
  1.725510  0.012821  1.016178
  1.725510  0.038462  0.910664
  1.725510  0.064103  0.759301
  1.725510  0.089744  0.919358
  1.725510  0.115385  2.176515
  1.725510  0.141026  3.495312
  1.725510  0.166667  4.000000
  1.725510  0.192308  4.000000
  1.725510  0.217949  4.000000
  1.725510  0.243590  4.000000
  1.725510  0.269231  4.000000
  1.725510  0.294872  4.000000
  1.725510  0.320513  4.000000
  1.725510  0.346154  4.000000
  1.725510  0.371795  4.000000
  1.725510  0.397436  4.000000
  1.725510  0.423077  4.000000
  1.725510  0.448718  4.000000
  1.725510  0.474359  4.000000
  1.725510  0.500000  4.000000

  1.816326 -0.500000  4.000000
  1.816326 -0.474359  4.000000
  1.816326 -0.448718  4.000000
  1.816326 -0.423077  4.000000
  1.816326 -0.397436  4.000000
  1.816326 -0.371795  4.000000
  1.816326 -0.346154  4.000000
  1.816326 -0.320513  4.000000
  1.816326 -0.294872  4.000000
  1.816326 -0.269231  4.000000
  1.816326 -0.243590  4.000000
  1.816326 -0.217949  4.000000
  1.816326 -0.192308  4.000000
  1.816326 -0.166667  1.983528
  1.816326 -0.141026  0.882018
  1.816326 -0.115385  0.574632
  1.816326 -0.089744  0.551253
  1.816326 -0.064103  0.604900
  1.816326 -0.038462  0.722697
  1.816326 -0.012821  0.883166
  1.816326  0.012821  0.940236
  1.816326  0.038462  0.734758
  1.816326  0.064103  0.506565
  1.816326  0.089744  0.624024
  1.816326  0.115385  2.037304
  1.816326  0.141026  3.512929
  1.816326  0.166667  4.000000
  1.816326  0.192308  4.000000
  1.816326  0.217949  4.000000
  1.816326  0.243590  4.000000
  1.816326  0.269231  4.000000
  1.816326  0.294872  4.000000
  1.816326  0.320513  4.000000
  1.816326  0.346154  4.000000
  1.816326  0.371795  4.000000
  1.816326  0.397436  4.000000
  1.816326  0.423077  4.000000
  1.816326  0.448718  4.000000
  1.816326  0.474359  4.000000
  1.816326  0.500000  4.000000

  1.907143 -0.500000  4.000000
  1.907143 -0.474359  4.000000
  1.907143 -0.448718  4.000000
  1.907143 -0.423077  4.000000
  1.907143 -0.397436  4.000000
  1.907143 -0.371795  4.000000
  1.907143 -0.346154  4.000000
  1.907143 -0.320513  4.000000
  1.907143 -0.294872  4.000000
  1.907143 -0.269231  4.000000
  1.907143 -0.243590  4.000000
  1.907143 -0.217949  4.000000
  1.907143 -0.192308  4.000000
  1.907143 -0.166667  2.773980
  1.907143 -0.141026  1.149443
  1.907143 -0.115385  0.733499
  1.907143 -0.089744  0.664835
  1.907143 -0.064103  0.688313
  1.907143 -0.038462  0.763760
  1.907143 -0.012821  0.873086
  1.907143  0.012821  0.896227
  1.907143  0.038462  0.683544
  1.907143  0.064103  0.463855
  1.907143  0.089744  0.500023
  1.907143  0.115385  1.525842
  1.907143  0.141026  3.525687
  1.907143  0.166667  4.000000
  1.907143  0.192308  4.000000
  1.907143  0.217949  4.000000
  1.907143  0.243590  4.000000
  1.907143  0.269231  4.000000
  1.907143  0.294872  4.000000
  1.907143  0.320513  4.000000
  1.907143  0.346154  4.000000
  1.907143  0.371795  4.000000
  1.907143  0.397436  4.000000
  1.907143  0.423077  4.000000
  1.907143  0.448718  4.000000
  1.907143  0.474359  4.000000
  1.907143  0.500000  4.000000

  1.997959 -0.500000  4.000000
  1.997959 -0.474359  4.000000
  1.997959 -0.448718  4.000000
  1.997959 -0.423077  4.000000
  1.997959 -0.397436  4.000000
  1.997959 -0.371795  4.000000
  1.997959 -0.346154  4.000000
  1.997959 -0.320513  4.000000
  1.997959 -0.294872  4.000000
  1.997959 -0.269231  4.000000
  1.997959 -0.243590  4.000000
  1.997959 -0.217949  4.000000
  1.997959 -0.192308  4.000000
  1.997959 -0.166667  3.502974
  1.997959 -0.141026  1.561905
  1.997959 -0.115385  0.887484
  1.997959 -0.089744  0.775237
  1.997959 -0.064103  0.774550
  1.997959 -0.038462  0.813291
  1.997959 -0.012821  0.869812
  1.997959  0.012821  0.886710
  1.997959  0.038462  0.699906
  1.997959  0.064103  0.477537
  1.997959  0.089744  0.414129
  1.997959  0.115385  1.120236
  1.997959  0.141026  2.863428
  1.997959  0.166667  4.000000
  1.997959  0.192308  4.000000
  1.997959  0.217949  4.000000
  1.997959  0.243590  4.000000
  1.997959  0.269231  4.000000
  1.997959  0.294872  4.000000
  1.997959  0.320513  4.000000
  1.997959  0.346154  4.000000
  1.997959  0.371795  4.000000
  1.997959  0.397436  4.000000
  1.997959  0.423077  4.000000
  1.997959  0.448718  4.000000
  1.997959  0.474359  4.000000
  1.997959  0.500000  4.000000

  2.088775 -0.500000  4.000000
  2.088775 -0.474359  4.000000
  2.088775 -0.448718  4.000000
  2.088775 -0.423077  4.000000
  2.088775 -0.397436  4.000000
  2.088775 -0.371795  4.000000
  2.088775 -0.346154  4.000000
  2.088775 -0.320513  4.000000
  2.088775 -0.294872  4.000000
  2.088775 -0.269231  4.000000
  2.088775 -0.243590  4.000000
  2.088775 -0.217949  4.000000
  2.088775 -0.192308  4.000000
  2.088775 -0.166667  4.000000
  2.088775 -0.141026  2.265306
  2.088775 -0.115385  1.092639
  2.088775 -0.089744  0.868666
  2.088775 -0.064103  0.852768
  2.088775 -0.038462  0.864946
  2.088775 -0.012821  0.883110
  2.088775  0.012821  0.873789
  2.088775  0.038462  0.759087
  2.088775  0.064103  0.514737
  2.088775  0.089744  0.339088
  2.088775  0.115385  0.787039
  2.088775  0.141026  2.136386
  2.088775  0.166667  4.000000
  2.088775  0.192308  4.000000
  2.088775  0.217949  4.000000
  2.088775  0.243590  4.000000
  2.088775  0.269231  4.000000
  2.088775  0.294872  4.000000
  2.088775  0.320513  4.000000
  2.088775  0.346154  4.000000
  2.088775  0.371795  4.000000
  2.088775  0.397436  4.000000
  2.088775  0.423077  4.000000
  2.088775  0.448718  4.000000
  2.088775  0.474359  4.000000
  2.088775  0.500000  4.000000

  2.179592 -0.500000  4.000000
  2.179592 -0.474359  4.000000
  2.179592 -0.448718  4.000000
  2.179592 -0.423077  4.000000
  2.179592 -0.397436  4.000000
  2.179592 -0.371795  4.000000
  2.179592 -0.346154  4.000000
  2.179592 -0.320513  4.000000
  2.179592 -0.294872  4.000000
  2.179592 -0.269231  4.000000
  2.179592 -0.243590  4.000000
  2.179592 -0.217949  4.000000
  2.179592 -0.192308  4.000000
  2.179592 -0.166667  4.000000
  2.179592 -0.141026  3.259382
  2.179592 -0.115385  1.396948
  2.179592 -0.089744  0.966346
  2.179592 -0.064103  0.934082
  2.179592 -0.038462  0.930316
  2.179592 -0.012821  0.926349
  2.179592  0.012821  0.896143
  2.179592  0.038462  0.795044
  2.179592  0.064103  0.576076
  2.179592  0.089744  0.348989
  2.179592  0.115385  0.472631
  2.179592  0.141026  1.398797
  2.179592  0.166667  3.433352
  2.179592  0.192308  4.000000
  2.179592  0.217949  4.000000
  2.179592  0.243590  4.000000
  2.179592  0.269231  4.000000
  2.179592  0.294872  4.000000
  2.179592  0.320513  4.000000
  2.179592  0.346154  4.000000
  2.179592  0.371795  4.000000
  2.179592  0.397436  4.000000
  2.179592  0.423077  4.000000
  2.179592  0.448718  4.000000
  2.179592  0.474359  4.000000
  2.179592  0.500000  4.000000

  2.270408 -0.500000  4.000000
  2.270408 -0.474359  4.000000
  2.270408 -0.448718  4.000000
  2.270408 -0.423077  4.000000
  2.270408 -0.397436  4.000000
  2.270408 -0.371795  4.000000
  2.270408 -0.346154  4.000000
  2.270408 -0.320513  4.000000
  2.270408 -0.294872  4.000000
  2.270408 -0.269231  4.000000
  2.270408 -0.243590  4.000000
  2.270408 -0.217949  4.000000
  2.270408 -0.192308  4.000000
  2.270408 -0.166667  4.000000
  2.270408 -0.141026  3.508881
  2.270408 -0.115385  1.780042
  2.270408 -0.089744  1.126446
  2.270408 -0.064103  1.035636
  2.270408 -0.038462  1.020769
  2.270408 -0.012821  0.999231
  2.270408  0.012821  0.950322
  2.270408  0.038462  0.847394
  2.270408  0.064103  0.666907
  2.270408  0.089744  0.439382
  2.270408  0.115385  0.373348
  2.270408  0.141026  0.853675
  2.270408  0.166667  2.108247
  2.270408  0.192308  4.000000
  2.270408  0.217949  4.000000
  2.270408  0.243590  4.000000
  2.270408  0.269231  4.000000
  2.270408  0.294872  4.000000
  2.270408  0.320513  4.000000
  2.270408  0.346154  4.000000
  2.270408  0.371795  4.000000
  2.270408  0.397436  4.000000
  2.270408  0.423077  4.000000
  2.270408  0.448718  4.000000
  2.270408  0.474359  4.000000
  2.270408  0.500000  4.000000

  2.361224 -0.500000  4.000000
  2.361224 -0.474359  4.000000
  2.361224 -0.448718  4.000000
  2.361224 -0.423077  4.000000
  2.361224 -0.397436  4.000000
  2.361224 -0.371795  4.000000
  2.361224 -0.346154  4.000000
  2.361224 -0.320513  4.000000
  2.361224 -0.294872  4.000000
  2.361224 -0.269231  4.000000
  2.361224 -0.243590  4.000000
  2.361224 -0.217949  4.000000
  2.361224 -0.192308  4.000000
  2.361224 -0.166667  4.000000
  2.361224 -0.141026  3.461995
  2.361224 -0.115385  2.156340
  2.361224 -0.089744  1.147626
  2.361224 -0.064103  1.163474
  2.361224 -0.038462  1.146340
  2.361224 -0.012821  1.103277
  2.361224  0.012821  1.037741
  2.361224  0.038462  0.931552
  2.361224  0.064103  0.761289
  2.361224  0.089744  0.532877
  2.361224  0.115385  0.341280
  2.361224  0.141026  0.507160
  2.361224  0.166667  1.259925
  2.361224  0.192308  3.148827
  2.361224  0.217949  4.000000
  2.361224  0.243590  4.000000
  2.361224  0.269231  4.000000
  2.361224  0.294872  4.000000
  2.361224  0.320513  4.000000
  2.361224  0.346154  4.000000
  2.361224  0.371795  4.000000
  2.361224  0.397436  4.000000
  2.361224  0.423077  4.000000
  2.361224  0.448718  4.000000
  2.361224  0.474359  4.000000
  2.361224  0.500000  4.000000

  2.452041 -0.500000  4.000000
  2.452041 -0.474359  4.000000
  2.452041 -0.448718  4.000000
  2.452041 -0.423077  4.000000
  2.452041 -0.397436  4.000000
  2.452041 -0.371795  4.000000
  2.452041 -0.346154  4.000000
  2.452041 -0.320513  4.000000
  2.452041 -0.294872  4.000000
  2.452041 -0.269231  4.000000
  2.452041 -0.243590  4.000000
  2.452041 -0.217949  4.000000
  2.452041 -0.192308  4.000000
  2.452041 -0.166667  4.000000
  2.452041 -0.141026  3.446193
  2.452041 -0.115385  2.173469
  2.452041 -0.089744  1.187682
  2.452041 -0.064103  1.250358
  2.452041 -0.038462  1.270166
  2.452041 -0.012821  1.223005
  2.452041  0.012821  1.140312
  2.452041  0.038462  1.020172
  2.452041  0.064103  0.845801
  2.452041  0.089744  0.615563
  2.452041  0.115385  0.380278
  2.452041  0.141026  0.390347
  2.452041  0.166667  0.837639
  2.452041  0.192308  1.921919
  2.452041  0.217949  4.000000
  2.452041  0.243590  4.000000
  2.452041  0.269231  4.000000
  2.452041  0.294872  4.000000
  2.452041  0.320513  4.000000
  2.452041  0.346154  4.000000
  2.452041  0.371795  4.000000
  2.452041  0.397436  4.000000
  2.452041  0.423077  4.000000
  2.452041  0.448718  4.000000
  2.452041  0.474359  4.000000
  2.452041  0.500000  4.000000

  2.542857 -0.500000  4.000000
  2.542857 -0.474359  4.000000
  2.542857 -0.448718  4.000000
  2.542857 -0.423077  4.000000
  2.542857 -0.397436  4.000000
  2.542857 -0.371795  4.000000
  2.542857 -0.346154  4.000000
  2.542857 -0.320513  4.000000
  2.542857 -0.294872  4.000000
  2.542857 -0.269231  4.000000
  2.542857 -0.243590  4.000000
  2.542857 -0.217949  4.000000
  2.542857 -0.192308  4.000000
  2.542857 -0.166667  4.000000
  2.542857 -0.141026  3.447861
  2.542857 -0.115385  2.165018
  2.542857 -0.089744  1.178571
  2.542857 -0.064103  1.267339
  2.542857 -0.038462  1.357366
  2.542857 -0.012821  1.327913
  2.542857  0.012821  1.231435
  2.542857  0.038462  1.091588
  2.542857  0.064103  0.899407
  2.542857  0.089744  0.657788
  2.542857  0.115385  0.428002
  2.542857  0.141026  0.364273
  2.542857  0.166667  0.644829
  2.542857  0.192308  1.453513
  2.542857  0.217949  3.464496
  2.542857  0.243590  4.000000
  2.542857  0.269231  4.000000
  2.542857  0.294872  4.000000
  2.542857  0.320513  4.000000
  2.542857  0.346154  4.000000
  2.542857  0.371795  4.000000
  2.542857  0.397436  4.000000
  2.542857  0.423077  4.000000
  2.542857  0.448718  4.000000
  2.542857  0.474359  4.000000
  2.542857  0.500000  4.000000

  2.633673 -0.500000  4.000000
  2.633673 -0.474359  4.000000
  2.633673 -0.448718  4.000000
  2.633673 -0.423077  4.000000
  2.633673 -0.397436  4.000000
  2.633673 -0.371795  4.000000
  2.633673 -0.346154  4.000000
  2.633673 -0.320513  4.000000
  2.633673 -0.294872  4.000000
  2.633673 -0.269231  4.000000
  2.633673 -0.243590  4.000000
  2.633673 -0.217949  4.000000
  2.633673 -0.192308  4.000000
  2.633673 -0.166667  4.000000
  2.633673 -0.141026  3.459498
  2.633673 -0.115385  1.938376
  2.633673 -0.089744  1.119420
  2.633673 -0.064103  1.268418
  2.633673 -0.038462  1.391535
  2.633673 -0.012821  1.394024
  2.633673  0.012821  1.290059
  2.633673  0.038462  1.122723
  2.633673  0.064103  0.898290
  2.633673  0.089744  0.645048
  2.633673  0.115385  0.431244
  2.633673  0.141026  0.363786
  2.633673  0.166667  0.575962
  2.633673  0.192308  1.298915
  2.633673  0.217949  3.180161
  2.633673  0.243590  4.000000
  2.633673  0.269231  4.000000
  2.633673  0.294872  4.000000
  2.633673  0.320513  4.000000
  2.633673  0.346154  4.000000
  2.633673  0.371795  4.000000
  2.633673  0.397436  4.000000
  2.633673  0.423077  4.000000
  2.633673  0.448718  4.000000
  2.633673  0.474359  4.000000
  2.633673  0.500000  4.000000

  2.724490 -0.500000  4.000000
  2.724490 -0.474359  4.000000
  2.724490 -0.448718  4.000000
  2.724490 -0.423077  4.000000
  2.724490 -0.397436  4.000000
  2.724490 -0.371795  4.000000
  2.724490 -0.346154  4.000000
  2.724490 -0.320513  4.000000
  2.724490 -0.294872  4.000000
  2.724490 -0.269231  4.000000
  2.724490 -0.243590  4.000000
  2.724490 -0.217949  4.000000
  2.724490 -0.192308  4.000000
  2.724490 -0.166667  4.000000
  2.724490 -0.141026  3.463695
  2.724490 -0.115385  1.854880
  2.724490 -0.089744  1.134827
  2.724490 -0.064103  1.197885
  2.724490 -0.038462  1.333683
  2.724490 -0.012821  1.384343
  2.724490  0.012821  1.288104
  2.724490  0.038462  1.093955
  2.724490  0.064103  0.849741
  2.724490  0.089744  0.612440
  2.724490  0.115385  0.441417
  2.724490  0.141026  0.405667
  2.724490  0.166667  0.620070
  2.724490  0.192308  1.352406
  2.724490  0.217949  3.270534
  2.724490  0.243590  4.000000
  2.724490  0.269231  4.000000
  2.724490  0.294872  4.000000
  2.724490  0.320513  4.000000
  2.724490  0.346154  4.000000
  2.724490  0.371795  4.000000
  2.724490  0.397436  4.000000
  2.724490  0.423077  4.000000
  2.724490  0.448718  4.000000
  2.724490  0.474359  4.000000
  2.724490  0.500000  4.000000

  2.815306 -0.500000  4.000000
  2.815306 -0.474359  4.000000
  2.815306 -0.448718  4.000000
  2.815306 -0.423077  4.000000
  2.815306 -0.397436  4.000000
  2.815306 -0.371795  4.000000
  2.815306 -0.346154  4.000000
  2.815306 -0.320513  4.000000
  2.815306 -0.294872  4.000000
  2.815306 -0.269231  4.000000
  2.815306 -0.243590  4.000000
  2.815306 -0.217949  4.000000
  2.815306 -0.192308  4.000000
  2.815306 -0.166667  4.000000
  2.815306 -0.141026  3.451307
  2.815306 -0.115385  2.089715
  2.815306 -0.089744  1.123375
  2.815306 -0.064103  1.065421
  2.815306 -0.038462  1.133217
  2.815306 -0.012821  1.270521
  2.815306  0.012821  1.215072
  2.815306  0.038462  1.024454
  2.815306  0.064103  0.796371
  2.815306  0.089744  0.598622
  2.815306  0.115385  0.481672
  2.815306  0.141026  0.487406
  2.815306  0.166667  0.754078
  2.815306  0.192308  1.585385
  2.815306  0.217949  3.649947
  2.815306  0.243590  4.000000
  2.815306  0.269231  4.000000
  2.815306  0.294872  4.000000
  2.815306  0.320513  4.000000
  2.815306  0.346154  4.000000
  2.815306  0.371795  4.000000
  2.815306  0.397436  4.000000
  2.815306  0.423077  4.000000
  2.815306  0.448718  4.000000
  2.815306  0.474359  4.000000
  2.815306  0.500000  4.000000

  2.906122 -0.500000  4.000000
  2.906122 -0.474359  4.000000
  2.906122 -0.448718  4.000000
  2.906122 -0.423077  4.000000
  2.906122 -0.397436  4.000000
  2.906122 -0.371795  4.000000
  2.906122 -0.346154  4.000000
  2.906122 -0.320513  4.000000
  2.906122 -0.294872  4.000000
  2.906122 -0.269231  4.000000
  2.906122 -0.243590  4.000000
  2.906122 -0.217949  4.000000
  2.906122 -0.192308  4.000000
  2.906122 -0.166667  4.000000
  2.906122 -0.141026  3.462233
  2.906122 -0.115385  2.132887
  2.906122 -0.089744  1.112621
  2.906122 -0.064103  0.845866
  2.906122 -0.038462  0.878603
  2.906122 -0.012821  1.149169
  2.906122  0.012821  1.129891
  2.906122  0.038462  0.961224
  2.906122  0.064103  0.769533
  2.906122  0.089744  0.625040
  2.906122  0.115385  0.557647
  2.906122  0.141026  0.603514
  2.906122  0.166667  1.000165
  2.906122  0.192308  2.141299
  2.906122  0.217949  4.000000
  2.906122  0.243590  4.000000
  2.906122  0.269231  4.000000
  2.906122  0.294872  4.000000
  2.906122  0.320513  4.000000
  2.906122  0.346154  4.000000
  2.906122  0.371795  4.000000
  2.906122  0.397436  4.000000
  2.906122  0.423077  4.000000
  2.906122  0.448718  4.000000
  2.906122  0.474359  4.000000
  2.906122  0.500000  4.000000

  2.996939 -0.500000  4.000000
  2.996939 -0.474359  4.000000
  2.996939 -0.448718  4.000000
  2.996939 -0.423077  4.000000
  2.996939 -0.397436  4.000000
  2.996939 -0.371795  4.000000
  2.996939 -0.346154  4.000000
  2.996939 -0.320513  4.000000
  2.996939 -0.294872  4.000000
  2.996939 -0.269231  4.000000
  2.996939 -0.243590  4.000000
  2.996939 -0.217949  4.000000
  2.996939 -0.192308  4.000000
  2.996939 -0.166667  4.000000
  2.996939 -0.141026  3.530254
  2.996939 -0.115385  1.652683
  2.996939 -0.089744  0.551466
  2.996939 -0.064103  0.515138
  2.996939 -0.038462  0.803503
  2.996939 -0.012821  1.101708
  2.996939  0.012821  1.084790
  2.996939  0.038462  0.931066
  2.996939  0.064103  0.787417
  2.996939  0.089744  0.695775
  2.996939  0.115385  0.678224
  2.996939  0.141026  0.812346
  2.996939  0.166667  1.439327
  2.996939  0.192308  3.314943
  2.996939  0.217949  4.000000
  2.996939  0.243590  4.000000
  2.996939  0.269231  4.000000
  2.996939  0.294872  4.000000
  2.996939  0.320513  4.000000
  2.996939  0.346154  4.000000
  2.996939  0.371795  4.000000
  2.996939  0.397436  4.000000
  2.996939  0.423077  4.000000
  2.996939  0.448718  4.000000
  2.996939  0.474359  4.000000
  2.996939  0.500000  4.000000

  3.087755 -0.500000  4.000000
  3.087755 -0.474359  4.000000
  3.087755 -0.448718  4.000000
  3.087755 -0.423077  4.000000
  3.087755 -0.397436  4.000000
  3.087755 -0.371795  4.000000
  3.087755 -0.346154  4.000000
  3.087755 -0.320513  4.000000
  3.087755 -0.294872  4.000000
  3.087755 -0.269231  4.000000
  3.087755 -0.243590  4.000000
  3.087755 -0.217949  4.000000
  3.087755 -0.192308  4.000000
  3.087755 -0.166667  4.000000
  3.087755 -0.141026  2.875109
  3.087755 -0.115385  1.179074
  3.087755 -0.089744  0.396104
  3.087755 -0.064103  0.511455
  3.087755 -0.038462  0.821833
  3.087755 -0.012821  1.096752
  3.087755  0.012821  1.052475
  3.087755  0.038462  0.935175
  3.087755  0.064103  0.839505
  3.087755  0.089744  0.793702
  3.087755  0.115385  0.844507
  3.087755  0.141026  1.145282
  3.087755  0.166667  2.265106
  3.087755  0.192308  4.000000
  3.087755  0.217949  4.000000
  3.087755  0.243590  4.000000
  3.087755  0.269231  4.000000
  3.087755  0.294872  4.000000
  3.087755  0.320513  4.000000
  3.087755  0.346154  4.000000
  3.087755  0.371795  4.000000
  3.087755  0.397436  4.000000
  3.087755  0.423077  4.000000
  3.087755  0.448718  4.000000
  3.087755  0.474359  4.000000
  3.087755  0.500000  4.000000

  3.178571 -0.500000  4.000000
  3.178571 -0.474359  4.000000
  3.178571 -0.448718  4.000000
  3.178571 -0.423077  4.000000
  3.178571 -0.397436  4.000000
  3.178571 -0.371795  4.000000
  3.178571 -0.346154  4.000000
  3.178571 -0.320513  4.000000
  3.178571 -0.294872  4.000000
  3.178571 -0.269231  4.000000
  3.178571 -0.243590  4.000000
  3.178571 -0.217949  4.000000
  3.178571 -0.192308  4.000000
  3.178571 -0.166667  4.000000
  3.178571 -0.141026  1.978436
  3.178571 -0.115385  0.709737
  3.178571 -0.089744  0.347616
  3.178571 -0.064103  0.555946
  3.178571 -0.038462  0.915865
  3.178571 -0.012821  1.084987
  3.178571  0.012821  1.033555
  3.178571  0.038462  0.957363
  3.178571  0.064103  0.907436
  3.178571  0.089744  0.909055
  3.178571  0.115385  1.076700
  3.178571  0.141026  1.685255
  3.178571  0.166667  3.698360
  3.178571  0.192308  4.000000
  3.178571  0.217949  4.000000
  3.178571  0.243590  4.000000
  3.178571  0.269231  4.000000
  3.178571  0.294872  4.000000
  3.178571  0.320513  4.000000
  3.178571  0.346154  4.000000
  3.178571  0.371795  4.000000
  3.178571  0.397436  4.000000
  3.178571  0.423077  4.000000
  3.178571  0.448718  4.000000
  3.178571  0.474359  4.000000
  3.178571  0.500000  4.000000

  3.269387 -0.500000  4.000000
  3.269387 -0.474359  4.000000
  3.269387 -0.448718  4.000000
  3.269387 -0.423077  4.000000
  3.269387 -0.397436  4.000000
  3.269387 -0.371795  4.000000
  3.269387 -0.346154  4.000000
  3.269387 -0.320513  4.000000
  3.269387 -0.294872  4.000000
  3.269387 -0.269231  4.000000
  3.269387 -0.243590  4.000000
  3.269387 -0.217949  4.000000
  3.269387 -0.192308  4.000000
  3.269387 -0.166667  2.912698
  3.269387 -0.141026  1.198718
  3.269387 -0.115385  0.386002
  3.269387 -0.089744  0.368991
  3.269387 -0.064103  0.697734
  3.269387 -0.038462  1.016850
  3.269387 -0.012821  1.071456
  3.269387  0.012821  1.043251
  3.269387  0.038462  1.011051
  3.269387  0.064103  0.999314
  3.269387  0.089744  1.055310
  3.269387  0.115385  1.421243
  3.269387  0.141026  2.705360
  3.269387  0.166667  4.000000
  3.269387  0.192308  4.000000
  3.269387  0.217949  4.000000
  3.269387  0.243590  4.000000
  3.269387  0.269231  4.000000
  3.269387  0.294872  4.000000
  3.269387  0.320513  4.000000
  3.269387  0.346154  4.000000
  3.269387  0.371795  4.000000
  3.269387  0.397436  4.000000
  3.269387  0.423077  4.000000
  3.269387  0.448718  4.000000
  3.269387  0.474359  4.000000
  3.269387  0.500000  4.000000

  3.360204 -0.500000  4.000000
  3.360204 -0.474359  4.000000
  3.360204 -0.448718  4.000000
  3.360204 -0.423077  4.000000
  3.360204 -0.397436  4.000000
  3.360204 -0.371795  4.000000
  3.360204 -0.346154  4.000000
  3.360204 -0.320513  4.000000
  3.360204 -0.294872  4.000000
  3.360204 -0.269231  4.000000
  3.360204 -0.243590  4.000000
  3.360204 -0.217949  4.000000
  3.360204 -0.192308  3.409440
  3.360204 -0.166667  1.493601
  3.360204 -0.141026  0.817099
  3.360204 -0.115385  0.428850
  3.360204 -0.089744  0.511607
  3.360204 -0.064103  0.876244
  3.360204 -0.038462  1.044830
  3.360204 -0.012821  1.097773
  3.360204  0.012821  1.109056
  3.360204  0.038462  1.115071
  3.360204  0.064103  1.135059
  3.360204  0.089744  1.265255
  3.360204  0.115385  1.835977
  3.360204  0.141026  3.554297
  3.360204  0.166667  4.000000
  3.360204  0.192308  4.000000
  3.360204  0.217949  4.000000
  3.360204  0.243590  4.000000
  3.360204  0.269231  4.000000
  3.360204  0.294872  4.000000
  3.360204  0.320513  4.000000
  3.360204  0.346154  4.000000
  3.360204  0.371795  4.000000
  3.360204  0.397436  4.000000
  3.360204  0.423077  4.000000
  3.360204  0.448718  4.000000
  3.360204  0.474359  4.000000
  3.360204  0.500000  4.000000

  3.451020 -0.500000  4.000000
  3.451020 -0.474359  4.000000
  3.451020 -0.448718  4.000000
  3.451020 -0.423077  4.000000
  3.451020 -0.397436  4.000000
  3.451020 -0.371795  4.000000
  3.451020 -0.346154  4.000000
  3.451020 -0.320513  4.000000
  3.451020 -0.294872  4.000000
  3.451020 -0.269231  4.000000
  3.451020 -0.243590  4.000000
  3.451020 -0.217949  4.000000
  3.451020 -0.192308  1.830585
  3.451020 -0.166667  0.942091
  3.451020 -0.141026  0.574414
  3.451020 -0.115385  0.380987
  3.451020 -0.089744  0.687860
  3.451020 -0.064103  0.964960
  3.451020 -0.038462  1.109640
  3.451020 -0.012821  1.181992
  3.451020  0.012821  1.229391
  3.451020  0.038462  1.269383
  3.451020  0.064103  1.306554
  3.451020  0.089744  1.339924
  3.451020  0.115385  2.154049
  3.451020  0.141026  3.514428
  3.451020  0.166667  4.000000
  3.451020  0.192308  4.000000
  3.451020  0.217949  4.000000
  3.451020  0.243590  4.000000
  3.451020  0.269231  4.000000
  3.451020  0.294872  4.000000
  3.451020  0.320513  4.000000
  3.451020  0.346154  4.000000
  3.451020  0.371795  4.000000
  3.451020  0.397436  4.000000
  3.451020  0.423077  4.000000
  3.451020  0.448718  4.000000
  3.451020  0.474359  4.000000
  3.451020  0.500000  4.000000

  3.541836 -0.500000  4.000000
  3.541836 -0.474359  4.000000
  3.541836 -0.448718  4.000000
  3.541836 -0.423077  4.000000
  3.541836 -0.397436  4.000000
  3.541836 -0.371795  4.000000
  3.541836 -0.346154  4.000000
  3.541836 -0.320513  4.000000
  3.541836 -0.294872  4.000000
  3.541836 -0.269231  4.000000
  3.541836 -0.243590  4.000000
  3.541836 -0.217949  2.981732
  3.541836 -0.192308  1.189642
  3.541836 -0.166667  0.736129
  3.541836 -0.141026  0.503033
  3.541836 -0.115385  0.548609
  3.541836 -0.089744  0.803236
  3.541836 -0.064103  1.040176
  3.541836 -0.038462  1.194132
  3.541836 -0.012821  1.293360
  3.541836  0.012821  1.368044
  3.541836  0.038462  1.419268
  3.541836  0.064103  1.418143
  3.541836  0.089744  1.363960
  3.541836  0.115385  2.171089
  3.541836  0.141026  3.505038
  3.541836  0.166667  4.000000
  3.541836  0.192308  4.000000
  3.541836  0.217949  4.000000
  3.541836  0.243590  4.000000
  3.541836  0.269231  4.000000
  3.541836  0.294872  4.000000
  3.541836  0.320513  4.000000
  3.541836  0.346154  4.000000
  3.541836  0.371795  4.000000
  3.541836  0.397436  4.000000
  3.541836  0.423077  4.000000
  3.541836  0.448718  4.000000
  3.541836  0.474359  4.000000
  3.541836  0.500000  4.000000

  3.632653 -0.500000  4.000000
  3.632653 -0.474359  4.000000
  3.632653 -0.448718  4.000000
  3.632653 -0.423077  4.000000
  3.632653 -0.397436  4.000000
  3.632653 -0.371795  4.000000
  3.632653 -0.346154  4.000000
  3.632653 -0.320513  4.000000
  3.632653 -0.294872  4.000000
  3.632653 -0.269231  4.000000
  3.632653 -0.243590  4.000000
  3.632653 -0.217949  2.173548
  3.632653 -0.192308  0.952697
  3.632653 -0.166667  0.580882
  3.632653 -0.141026  0.431470
  3.632653 -0.115385  0.582788
  3.632653 -0.089744  0.860119
  3.632653 -0.064103  1.105080
  3.632653 -0.038462  1.273150
  3.632653 -0.012821  1.398817
  3.632653  0.012821  1.492769
  3.632653  0.038462  1.522743
  3.632653  0.064103  1.430612
  3.632653  0.089744  1.332968
  3.632653  0.115385  2.111619
  3.632653  0.141026  3.506157
  3.632653  0.166667  4.000000
  3.632653  0.192308  4.000000
  3.632653  0.217949  4.000000
  3.632653  0.243590  4.000000
  3.632653  0.269231  4.000000
  3.632653  0.294872  4.000000
  3.632653  0.320513  4.000000
  3.632653  0.346154  4.000000
  3.632653  0.371795  4.000000
  3.632653  0.397436  4.000000
  3.632653  0.423077  4.000000
  3.632653  0.448718  4.000000
  3.632653  0.474359  4.000000
  3.632653  0.500000  4.000000

  3.723469 -0.500000  4.000000
  3.723469 -0.474359  4.000000
  3.723469 -0.448718  4.000000
  3.723469 -0.423077  4.000000
  3.723469 -0.397436  4.000000
  3.723469 -0.371795  4.000000
  3.723469 -0.346154  4.000000
  3.723469 -0.320513  4.000000
  3.723469 -0.294872  4.000000
  3.723469 -0.269231  4.000000
  3.723469 -0.243590  4.000000
  3.723469 -0.217949  1.829803
  3.723469 -0.192308  0.892284
  3.723469 -0.166667  0.503378
  3.723469 -0.141026  0.392773
  3.723469 -0.115385  0.569667
  3.723469 -0.089744  0.855398
  3.723469 -0.064103  1.127121
  3.723469 -0.038462  1.331543
  3.723469 -0.012821  1.474511
  3.723469  0.012821  1.564545
  3.723469  0.038462  1.545832
  3.723469  0.064103  1.402954
  3.723469  0.089744  1.275501
  3.723469  0.115385  1.911909
  3.723469  0.141026  3.510535
  3.723469  0.166667  4.000000
  3.723469  0.192308  4.000000
  3.723469  0.217949  4.000000
  3.723469  0.243590  4.000000
  3.723469  0.269231  4.000000
  3.723469  0.294872  4.000000
  3.723469  0.320513  4.000000
  3.723469  0.346154  4.000000
  3.723469  0.371795  4.000000
  3.723469  0.397436  4.000000
  3.723469  0.423077  4.000000
  3.723469  0.448718  4.000000
  3.723469  0.474359  4.000000
  3.723469  0.500000  4.000000

  3.814285 -0.500000  4.000000
  3.814285 -0.474359  4.000000
  3.814285 -0.448718  4.000000
  3.814285 -0.423077  4.000000
  3.814285 -0.397436  4.000000
  3.814285 -0.371795  4.000000
  3.814285 -0.346154  4.000000
  3.814285 -0.320513  4.000000
  3.814285 -0.294872  4.000000
  3.814285 -0.269231  4.000000
  3.814285 -0.243590  4.000000
  3.814285 -0.217949  1.837753
  3.814285 -0.192308  0.921300
  3.814285 -0.166667  0.523734
  3.814285 -0.141026  0.423760
  3.814285 -0.115385  0.548867
  3.814285 -0.089744  0.799205
  3.814285 -0.064103  1.087383
  3.814285 -0.038462  1.330095
  3.814285 -0.012821  1.487968
  3.814285  0.012821  1.542662
  3.814285  0.038462  1.468435
  3.814285  0.064103  1.336454
  3.814285  0.089744  1.233192
  3.814285  0.115385  1.807571
  3.814285  0.141026  3.508152
  3.814285  0.166667  4.000000
  3.814285  0.192308  4.000000
  3.814285  0.217949  4.000000
  3.814285  0.243590  4.000000
  3.814285  0.269231  4.000000
  3.814285  0.294872  4.000000
  3.814285  0.320513  4.000000
  3.814285  0.346154  4.000000
  3.814285  0.371795  4.000000
  3.814285  0.397436  4.000000
  3.814285  0.423077  4.000000
  3.814285  0.448718  4.000000
  3.814285  0.474359  4.000000
  3.814285  0.500000  4.000000

  3.905102 -0.500000  4.000000
  3.905102 -0.474359  4.000000
  3.905102 -0.448718  4.000000
  3.905102 -0.423077  4.000000
  3.905102 -0.397436  4.000000
  3.905102 -0.371795  4.000000
  3.905102 -0.346154  4.000000
  3.905102 -0.320513  4.000000
  3.905102 -0.294872  4.000000
  3.905102 -0.269231  4.000000
  3.905102 -0.243590  4.000000
  3.905102 -0.217949  2.205275
  3.905102 -0.192308  1.061872
  3.905102 -0.166667  0.601198
  3.905102 -0.141026  0.494106
  3.905102 -0.115385  0.562243
  3.905102 -0.089744  0.754646
  3.905102 -0.064103  1.010931
  3.905102 -0.038462  1.257585
  3.905102 -0.012821  1.415654
  3.905102  0.012821  1.412791
  3.905102  0.038462  1.244438
  3.905102  0.064103  1.227285
  3.905102  0.089744  1.166902
  3.905102  0.115385  2.067504
  3.905102  0.141026  3.501540
  3.905102  0.166667  4.000000
  3.905102  0.192308  4.000000
  3.905102  0.217949  4.000000
  3.905102  0.243590  4.000000
  3.905102  0.269231  4.000000
  3.905102  0.294872  4.000000
  3.905102  0.320513  4.000000
  3.905102  0.346154  4.000000
  3.905102  0.371795  4.000000
  3.905102  0.397436  4.000000
  3.905102  0.423077  4.000000
  3.905102  0.448718  4.000000
  3.905102  0.474359  4.000000
  3.905102  0.500000  4.000000

  3.995918 -0.500000  4.000000
  3.995918 -0.474359  4.000000
  3.995918 -0.448718  4.000000
  3.995918 -0.423077  4.000000
  3.995918 -0.397436  4.000000
  3.995918 -0.371795  4.000000
  3.995918 -0.346154  4.000000
  3.995918 -0.320513  4.000000
  3.995918 -0.294872  4.000000
  3.995918 -0.269231  4.000000
  3.995918 -0.243590  4.000000
  3.995918 -0.217949  3.062373
  3.995918 -0.192308  1.355311
  3.995918 -0.166667  0.739380
  3.995918 -0.141026  0.587409
  3.995918 -0.115385  0.612853
  3.995918 -0.089744  0.750184
  3.995918 -0.064103  0.956002
  3.995918 -0.038462  1.170197
  3.995918 -0.012821  1.322321
  3.995918  0.012821  1.311993
  3.995918  0.038462  0.974767
  3.995918  0.064103  0.870079
  3.995918  0.089744  1.257433
  3.995918  0.115385  2.194310
  3.995918  0.141026  3.504638
  3.995918  0.166667  4.000000
  3.995918  0.192308  4.000000
  3.995918  0.217949  4.000000
  3.995918  0.243590  4.000000
  3.995918  0.269231  4.000000
  3.995918  0.294872  4.000000
  3.995918  0.320513  4.000000
  3.995918  0.346154  4.000000
  3.995918  0.371795  4.000000
  3.995918  0.397436  4.000000
  3.995918  0.423077  4.000000
  3.995918  0.448718  4.000000
  3.995918  0.474359  4.000000
  3.995918  0.500000  4.000000

  4.086734 -0.500000  4.000000
  4.086734 -0.474359  4.000000
  4.086734 -0.448718  4.000000
  4.086734 -0.423077  4.000000
  4.086734 -0.397436  4.000000
  4.086734 -0.371795  4.000000
  4.086734 -0.346154  4.000000
  4.086734 -0.320513  4.000000
  4.086734 -0.294872  4.000000
  4.086734 -0.269231  4.000000
  4.086734 -0.243590  4.000000
  4.086734 -0.217949  4.000000
  4.086734 -0.192308  1.909989
  4.086734 -0.166667  1.050690
  4.086734 -0.141026  0.724416
  4.086734 -0.115385  0.697690
  4.086734 -0.089744  0.781316
  4.086734 -0.064103  0.932017
  4.086734 -0.038462  1.117153
  4.086734 -0.012821  1.269911
  4.086734  0.012821  1.259629
  4.086734  0.038462  0.874356
  4.086734  0.064103  0.475083
  4.086734  0.089744  0.671899
  4.086734  0.115385  1.940550
  4.086734  0.141026  3.525837
  4.086734  0.166667  4.000000
  4.086734  0.192308  4.000000
  4.086734  0.217949  4.000000
  4.086734  0.243590  4.000000
  4.086734  0.269231  4.000000
  4.086734  0.294872  4.000000
  4.086734  0.320513  4.000000
  4.086734  0.346154  4.000000
  4.086734  0.371795  4.000000
  4.086734  0.397436  4.000000
  4.086734  0.423077  4.000000
  4.086734  0.448718  4.000000
  4.086734  0.474359  4.000000
  4.086734  0.500000  4.000000

  4.177551 -0.500000  4.000000
  4.177551 -0.474359  4.000000
  4.177551 -0.448718  4.000000
  4.177551 -0.423077  4.000000
  4.177551 -0.397436  4.000000
  4.177551 -0.371795  4.000000
  4.177551 -0.346154  4.000000
  4.177551 -0.320513  4.000000
  4.177551 -0.294872  4.000000
  4.177551 -0.269231  4.000000
  4.177551 -0.243590  4.000000
  4.177551 -0.217949  4.000000
  4.177551 -0.192308  3.337914
  4.177551 -0.166667  1.544153
  4.177551 -0.141026  0.960856
  4.177551 -0.115385  0.816732
  4.177551 -0.089744  0.840048
  4.177551 -0.064103  0.935128
  4.177551 -0.038462  1.074723
  4.177551 -0.012821  1.219910
  4.177551  0.012821  1.231152
  4.177551  0.038462  0.878244
  4.177551  0.064103  0.493659
  4.177551  0.089744  0.483400
  4.177551  0.115385  1.468539
  4.177551  0.141026  3.405877
  4.177551  0.166667  4.000000
  4.177551  0.192308  4.000000
  4.177551  0.217949  4.000000
  4.177551  0.243590  4.000000
  4.177551  0.269231  4.000000
  4.177551  0.294872  4.000000
  4.177551  0.320513  4.000000
  4.177551  0.346154  4.000000
  4.177551  0.371795  4.000000
  4.177551  0.397436  4.000000
  4.177551  0.423077  4.000000
  4.177551  0.448718  4.000000
  4.177551  0.474359  4.000000
  4.177551  0.500000  4.000000

  4.268367 -0.500000  4.000000
  4.268367 -0.474359  4.000000
  4.268367 -0.448718  4.000000
  4.268367 -0.423077  4.000000
  4.268367 -0.397436  4.000000
  4.268367 -0.371795  4.000000
  4.268367 -0.346154  4.000000
  4.268367 -0.320513  4.000000
  4.268367 -0.294872  4.000000
  4.268367 -0.269231  4.000000
  4.268367 -0.243590  4.000000
  4.268367 -0.217949  4.000000
  4.268367 -0.192308  4.000000
  4.268367 -0.166667  2.496377
  4.268367 -0.141026  1.362954
  4.268367 -0.115385  0.985639
  4.268367 -0.089744  0.928391
  4.268367 -0.064103  0.969737
  4.268367 -0.038462  1.059961
  4.268367 -0.012821  1.170095
  4.268367  0.012821  1.216189
  4.268367  0.038462  0.943373
  4.268367  0.064103  0.538830
  4.268367  0.089744  0.406310
  4.268367  0.115385  1.099626
  4.268367  0.141026  2.631392
  4.268367  0.166667  4.000000
  4.268367  0.192308  4.000000
  4.268367  0.217949  4.000000
  4.268367  0.243590  4.000000
  4.268367  0.269231  4.000000
  4.268367  0.294872  4.000000
  4.268367  0.320513  4.000000
  4.268367  0.346154  4.000000
  4.268367  0.371795  4.000000
  4.268367  0.397436  4.000000
  4.268367  0.423077  4.000000
  4.268367  0.448718  4.000000
  4.268367  0.474359  4.000000
  4.268367  0.500000  4.000000

  4.359183 -0.500000  4.000000
  4.359183 -0.474359  4.000000
  4.359183 -0.448718  4.000000
  4.359183 -0.423077  4.000000
  4.359183 -0.397436  4.000000
  4.359183 -0.371795  4.000000
  4.359183 -0.346154  4.000000
  4.359183 -0.320513  4.000000
  4.359183 -0.294872  4.000000
  4.359183 -0.269231  4.000000
  4.359183 -0.243590  4.000000
  4.359183 -0.217949  4.000000
  4.359183 -0.192308  4.000000
  4.359183 -0.166667  4.000000
  4.359183 -0.141026  1.881794
  4.359183 -0.115385  1.251431
  4.359183 -0.089744  1.043828
  4.359183 -0.064103  1.035248
  4.359183 -0.038462  1.077645
  4.359183 -0.012821  1.140603
  4.359183  0.012821  1.179519
  4.359183  0.038462  1.054816
  4.359183  0.064103  0.678752
  4.359183  0.089744  0.399808
  4.359183  0.115385  0.737340
  4.359183  0.141026  1.881946
  4.359183  0.166667  4.000000
  4.359183  0.192308  4.000000
  4.359183  0.217949  4.000000
  4.359183  0.243590  4.000000
  4.359183  0.269231  4.000000
  4.359183  0.294872  4.000000
  4.359183  0.320513  4.000000
  4.359183  0.346154  4.000000
  4.359183  0.371795  4.000000
  4.359183  0.397436  4.000000
  4.359183  0.423077  4.000000
  4.359183  0.448718  4.000000
  4.359183  0.474359  4.000000
  4.359183  0.500000  4.000000

  4.450000 -0.500000  4.000000
  4.450000 -0.474359  4.000000
  4.450000 -0.448718  4.000000
  4.450000 -0.423077  4.000000
  4.450000 -0.397436  4.000000
  4.450000 -0.371795  4.000000
  4.450000 -0.346154  4.000000
  4.450000 -0.320513  4.000000
  4.450000 -0.294872  4.000000
  4.450000 -0.269231  4.000000
  4.450000 -0.243590  4.000000
  4.450000 -0.217949  4.000000
  4.450000 -0.192308  4.000000
  4.450000 -0.166667  4.000000
  4.450000 -0.141026  3.041156
  4.450000 -0.115385  1.560508
  4.450000 -0.089744  1.198881
  4.450000 -0.064103  1.139848
  4.450000 -0.038462  1.141502
  4.450000 -0.012821  1.157666
  4.450000  0.012821  1.167298
  4.450000  0.038462  1.104096
  4.450000  0.064103  0.801462
  4.450000  0.089744  0.463073
  4.450000  0.115385  0.469070
  4.450000  0.141026  1.219591
  4.450000  0.166667  2.879655
  4.450000  0.192308  4.000000
  4.450000  0.217949  4.000000
  4.450000  0.243590  4.000000
  4.450000  0.269231  4.000000
  4.450000  0.294872  4.000000
  4.450000  0.320513  4.000000
  4.450000  0.346154  4.000000
  4.450000  0.371795  4.000000
  4.450000  0.397436  4.000000
  4.450000  0.423077  4.000000
  4.450000  0.448718  4.000000
  4.450000  0.474359  4.000000
  4.450000  0.500000  4.000000
