      0.0200      0.0000
      0.0400      0.0000
      0.0600      0.0300
      0.0800      0.0300
      0.1000      0.0300
      0.1200      0.0300
      0.1400      0.0300
      0.1600      0.0300
      0.1800      0.0300
      0.2000      0.0300
      0.2200      0.0300
      0.2400      0.0000
      0.2600      0.0000
      0.2800      0.0000
      0.3000      0.0000
      0.3200      0.0000
      0.3400      0.0000
      0.3600      0.0000
      0.3800      0.0000
      0.4000      0.0000
      0.4200      0.0000
      0.4400      0.0300
      0.4600      0.0300
      0.4800      0.0300
      0.5000      0.0600
      0.5200      0.0600
      0.5400      0.0600
      0.5600      0.0300
      0.5800      0.0300
      0.6000      0.0300
      0.6200      0.0000
      0.6400      0.0000
      0.6600     -0.0300
      0.6800     -0.0300
      0.7000     -0.0300
      0.7200     -0.0300
      0.7400      0.0000
      0.7600      0.0000
      0.7800      0.0300
      0.8000      0.0300
      0.8200      0.0300
      0.8400      0.0300
      0.8600      0.0600
      0.8800      0.0300
      0.9000      0.0300
      0.9200      0.0300
      0.9400      0.0000
      0.9600      0.0000
      0.9800      0.0000
      1.0000      0.0000
      1.0200      0.0000
      1.0400      0.0000
      1.0600      0.0000
      1.0800      0.0300
      1.1000      0.0300
      1.1200      0.0300
      1.1400      0.0300
      1.1600      0.0300
      1.1800      0.0300
      1.2000      0.0300
      1.2200      0.0300
      1.2400      0.0300
      1.2600      0.0300
      1.2800      0.0000
      1.3000      0.0000
      1.3200      0.0000
      1.3400      0.0000
      1.3600      0.0000
      1.3800      0.0000
      1.4000      0.0000
      1.4200      0.0000
      1.4400      0.0300
      1.4600      0.0300
      1.4800      0.0300
      1.5000      0.0300
      1.5200      0.0300
      1.5400      0.0300
      1.5600      0.0300
      1.5800      0.0300
      1.6000      0.0000
      1.6200      0.0000
      1.6400      0.0000
      1.6600      0.0000
      1.6800      0.0000
      1.7000      0.0000
      1.7200      0.0000
      1.7400      0.0000
      1.7600      0.0300
      1.7800      0.0300
      1.8000      0.0300
      1.8200      0.0300
      1.8400      0.0300
      1.8600      0.0300
      1.8800      0.0000
      1.9000      0.0300
      1.9200      0.0300
      1.9400      0.0000
      1.9600      0.0000
      1.9800      0.0000
      2.0000      0.0000
      2.0200      0.0000
      2.0400      0.0000
      2.0600      0.0300
      2.0800      0.0300
      2.1000      0.0300
      2.1200      0.0300
      2.1400      0.0300
      2.1600      0.0300
      2.1800      0.0300
      2.2000      0.0000
      2.2200      0.0000
      2.2400      0.0000
      2.2600      0.0000
      2.2800      0.0000
      2.3000      0.0000
      2.3200      0.0300
      2.3400      0.0000
      2.3600      0.0000
      2.3800      0.0000
      2.4000      0.0000
      2.4200      0.0000
      2.4400      0.0000
      2.4600      0.0000
      2.4800      0.0300
      2.5000      0.0300
      2.5200      0.0300
      2.5400      0.0300
      2.5600      0.0300
      2.5800      0.0300
      2.6000      0.0300
      2.6200      0.0000
      2.6400      0.0000
      2.6600      0.0000
      2.6800      0.0000
      2.7000      0.0000
      2.7200      0.0000
      2.7400      0.0000
      2.7600      0.0300
      2.7800      0.0300
      2.8000      0.0300
      2.8200      0.0300
      2.8400      0.0300
      2.8600      0.0300
      2.8800      0.0300
      2.9000      0.0300
      2.9200      0.0000
      2.9400      0.0000
      2.9600      0.0000
      2.9800     -0.0300
      3.0000     -0.0300
      3.0200     -0.0300
      3.0400     -0.0300
      3.0600      0.0000
      3.0800      0.0300
      3.1000      0.0300
      3.1200      0.0300
      3.1400      0.0300
      3.1600      0.0300
      3.1800      0.0300
      3.2000      0.0300
      3.2200      0.0300
      3.2400      0.0300
      3.2600      0.0300
      3.2800      0.0300
      3.3000      0.0300
      3.3200      0.0000
      3.3400      0.0000
      3.3600      0.0000
      3.3800     -0.0300
      3.4000     -0.0300
      3.4200     -0.0300
      3.4400      0.0000
      3.4600      0.0300
      3.4800      0.0300
      3.5000      0.0300
      3.5200      0.0300
      3.5400      0.0300
      3.5600      0.0300
      3.5800      0.0300
      3.6000      0.0300
      3.6200      0.0000
      3.6400      0.0000
      3.6600     -0.0300
      3.6800     -0.0600
      3.7000     -0.2100
      3.7200     -0.3300
      3.7400     -0.3600
      3.7600     -0.4200
      3.7800     -0.3600
      3.8000     -0.1800
      3.8200     -0.1800
      3.8400     -0.1500
      3.8600     -0.1200
      3.8800     -0.3600
      3.9000     -1.0200
      3.9200     -1.5000
      3.9400     -1.0800
      3.9600     -0.9000
      3.9800     -1.1700
      4.0000     -0.4500
      4.0200      0.7500
      4.0400      0.7200
      4.0600     -0.3300
      4.0800     -1.9700
      4.1000     -2.8700
      4.1200     -1.7300
      4.1400     -0.3300
      4.1600     -0.9000
      4.1800     -0.4200
      4.2000      3.2600
      4.2200      3.5300
      4.2400     -2.0000
      4.2600     -6.3400
      4.2800     -5.6500
      4.3000     -3.5900
      4.3200     -4.0700
      4.3400     -2.5100
      4.3600      0.2100
      4.3800     -0.4800
      4.4000     -4.5100
      4.4200     -9.2700
      4.4400     -5.6500
      4.4600      2.5400
      4.4800      4.6900
      4.5000      4.4600
      4.5200      9.2400
      4.5400     13.6600
      4.5600      8.2200
      4.5800      6.6400
      4.6000      4.0100
      4.6200     -6.4900
      4.6400    -11.0300
      4.6600      0.4500
      4.6800     14.8900
      4.7000      2.2100
      4.7200     -8.0100
      4.7400      4.4300
      4.7600     15.8800
      4.7800     24.4000
      4.8000     36.6000
      4.8200     38.2700
      4.8400     20.1200
      4.8600      3.5900
      4.8800     -1.7900
      4.9000      0.0300
      4.9200     14.7700
      4.9400      3.4100
      4.9600    -40.0400
      4.9800    -49.6000
      5.0000    -36.0000
      5.0200    -21.9500
      5.0400     -9.6000
      5.0600     -0.8700
      5.0800      0.3900
      5.1000    -20.6000
      5.1200    -31.2800
      5.1400    -24.8500
      5.1600    -13.9900
      5.1800      3.6800
      5.2000     10.9700
      5.2200     -2.0900
      5.2400    -16.7100
      5.2600    -16.3300
      5.2800    -12.7100
      5.3000     -9.9000
      5.3200     -4.5100
      5.3400     -4.0400
      5.3600     -5.8000
      5.3800    -13.5100
      5.4000    -26.6400
      5.4200    -20.6000
      5.4400     24.1000
      5.4600     65.2700
      5.4800     44.7000
      5.5000      0.8700
      5.5200    -14.8300
      5.5400      7.3300
      5.5600     30.4100
      5.5800     13.4000
      5.6000    -11.9600
      5.6200    -24.0100
      5.6400    -28.3800
      5.6600    -14.0200
      5.6800    -10.6100
      5.7000     -5.3500
      5.7200     13.4500
      5.7400     18.3000
      5.7600     27.9300
      5.7800     33.0400
      5.8000     31.4800
      5.8200     39.9800
      5.8400      8.5800
      5.8600    -23.4100
      5.8800    -38.8400
      5.9000    -26.1000
      5.9200     26.8800
      5.9400     21.0200
      5.9600      9.3000
      5.9800     15.4000
      6.0000     13.6900
      6.0200     25.3000
      6.0400      7.3300
      6.0600    -17.3400
      6.0800    -23.6200
      6.1000    -20.8100
      6.1200    -12.6200
      6.1400    -28.4600
      6.1600    -28.4600
      6.1800    -15.5800
      6.2000    -15.0400
      6.2200      6.5200
      6.2400     22.3700
      6.2600     21.6200
      6.2800     15.9400
      6.3000     -0.7500
      6.3200     -4.4300
      6.3400     15.9400
      6.3600     25.0600
      6.3800     18.2100
      6.4000     16.7100
      6.4200     16.5900
      6.4400     -9.4200
      6.4600    -24.7000
      6.4800     -2.8100
      6.5000     36.4500
      6.5200     28.8500
      6.5400    -22.0700
      6.5600    -40.5100
      6.5800    -13.6600
      6.6000      4.2500
      6.6200    -13.3100
      6.6400    -25.6200
      6.6600     12.3200
      6.6800     42.2200
      6.7000      0.0900
      6.7200    -60.1000
      6.7400    -69.9700
      6.7600    -13.7800
      6.7800     24.1900
      6.8000     -2.1800
      6.8200     -8.6400
      6.8400     22.5700
      6.8600     45.2400
      6.8800     30.4700
      6.9000    -15.7300
      6.9200    -21.0500
      6.9400     45.0300
      6.9600     87.1300
      6.9800     50.8600
      7.0000     16.0000
      7.0200     43.3800
      7.0400     92.3900
      7.0600     83.4200
      7.0800     15.7000
      7.1000    -22.9000
      7.1200     -1.3500
      7.1400     24.2200
      7.1600     11.6300
      7.1800     -5.1100
      7.2000     10.3800
      7.2200     52.5600
      7.2400    110.5400
      7.2600    170.2500
      7.2800    207.9800
      7.3000    231.5200
      7.3200    263.0600
      7.3400    294.2200
      7.3600    317.4200
      7.3800    344.8700
      7.4000    331.2000
      7.4200    222.3700
      7.4400     82.5500
      7.4600    -33.3700
      7.4800   -157.9600
      7.5000   -327.1700
      7.5200   -453.2500
      7.5400   -496.3400
      7.5600   -503.4900
      7.5800   -509.7100
      7.6000   -534.0400
      7.6200   -585.7100
      7.6400   -628.4700
      7.6600   -555.4500
      7.6800   -349.8900
      7.7000   -137.4500
      7.7200     -3.5600
      7.7400     65.1200
      7.7600    133.2600
      7.7800    176.3800
      7.8000    177.1600
      7.8200    176.0500
      7.8400    171.0600
      7.8600    145.4600
      7.8800     96.4300
      7.9000     31.1900
      7.9200     -9.8700
      7.9400     14.4400
      7.9600     61.6200
      7.9800     96.2500
      8.0000    132.9700
      8.0200    163.4900
      8.0400    189.2100
      8.0600    210.5300
      8.0800    229.1200
      8.1000    260.9700
      8.1200    318.5200
      8.1400    390.5800
      8.1600    449.6400
      8.1800    472.8700
      8.2000    469.0100
      8.2200    462.8200
      8.2400    468.8900
      8.2600    472.3300
      8.2800    423.7400
      8.3000    296.2800
      8.3200    120.2900
      8.3400    -56.6600
      8.3600   -201.2900
      8.3800   -288.3600
      8.4000   -342.4400
      8.4200   -392.2900
      8.4400   -442.1600
      8.4600   -510.2400
      8.4800   -592.3200
      8.5000   -675.4400
      8.5200   -760.6300
      8.5400   -817.8200
      8.5600   -809.9000
      8.5800   -702.8000
      8.6000   -520.5300
      8.6200   -345.1400
      8.6400   -207.6300
      8.6600    -96.4300
      8.6800    -19.2900
      8.7000     22.3100
      8.7200     69.8800
      8.7400    148.4200
      8.7600    224.0700
      8.7800    278.1600
      8.8000    324.1500
      8.8200    336.9100
      8.8400    304.9200
      8.8600    260.5200
      8.8800    206.5200
      8.9000    117.7200
      8.9200      7.8000
      8.9400    -70.6800
      8.9600    -99.7200
      8.9800   -117.8100
      9.0000   -142.2000
      9.0200   -155.8400
      9.0400   -162.0600
      9.0600   -178.8600
      9.0800   -187.5900
      9.1000   -174.4400
      9.1200   -130.0100
      9.1400    -38.7800
      9.1600     44.1600
      9.1800     77.3800
      9.2000    108.0000
      9.2200    126.9600
      9.2400     87.4300
      9.2600     24.7900
      9.2800     -8.6700
      9.3000     -2.5100
      9.3200     41.7400
      9.3400     95.2900
      9.3600    123.2800
      9.3800    143.4000
      9.4000    178.8000
      9.4200    223.9500
      9.4400    266.5000
      9.4600    294.8400
      9.4800    295.7100
      9.5000    264.1400
      9.5200    218.3000
      9.5400    177.9600
      9.5600    137.2400
      9.5800     90.9600
      9.6000     55.7000
      9.6200     46.6100
      9.6400     50.0500
      9.6600     38.9000
      9.6800     32.8000
      9.7000     60.1900
      9.7200     85.3600
      9.7400     87.3100
      9.7600     63.5100
      9.7800     48.5600
      9.8000     77.9200
      9.8200    104.9500
      9.8400     76.3900
      9.8600     62.5500
      9.8800     71.6100
      9.9000      3.4700
      9.9200   -105.1000
      9.9400   -136.9100
      9.9600    -95.2900
      9.9800    -41.9800
     10.0000    -19.8800
     10.0200     -1.5800
     10.0400     29.1200
     10.0600     29.3600
     10.0800     30.7100
     10.1000    105.5500
     10.1200    205.8300
     10.1400    261.1800
     10.1600    244.6700
     10.1800    175.3600
     10.2000    106.8900
     10.2200     41.8300
     10.2400    -30.3200
     10.2600   -124.0000
     10.2800   -240.6400
     10.3000   -352.8800
     10.3200   -441.3500
     10.3400   -509.9700
     10.3600   -577.9100
     10.3800   -659.4400
     10.4000   -727.2900
     10.4200   -699.3900
     10.4400   -525.3400
     10.4600   -253.3400
     10.4801     29.6600
     10.5001    221.1700
     10.5201    242.5800
     10.5401    274.4800
     10.5601    388.7600
     10.5801    364.0900
     10.6001    228.5000
     10.6201    107.2800
     10.6401    -21.3200
     10.6601   -171.2700
     10.6801   -286.8000
     10.7001   -332.3100
     10.7201   -322.7400
     10.7401   -246.8200
     10.7601   -116.2500
     10.7801     27.1200
     10.8001    161.7900
     10.8201    274.3000
     10.8401    390.8800
     10.8601    472.1500
     10.8801    515.7700
     10.9001    560.5100
     10.9201    578.8300
     10.9401    541.3700
     10.9601    469.0100
     10.9801    381.4600
     11.0001    291.2900
     11.0201    202.3600
     11.0401     78.3700
     11.0601    -96.7000
     11.0801   -244.4000
     11.1001   -290.7800
     11.1201   -243.2100
     11.1401   -197.5200
     11.1601   -218.4500
     11.1801   -291.9100
     11.2001   -342.4100
     11.2201   -302.1400
     11.2401   -184.1200
     11.2601    -55.0200
     11.2801     19.5200
     11.3001     25.0600
     11.3201     29.4500
     11.3401     30.2600
     11.3601      2.3900
     11.3801    -28.5200
     11.4001    -55.4000
     11.4201    -86.2300
     11.4401    -97.7400
     11.4601    -34.3000
     11.4801     81.4800
     11.5001    164.7500
     11.5201    195.2500
     11.5401    229.5400
     11.5601    327.4300
     11.5801    435.7300
     11.6001    478.7900
     11.6201    416.9900
     11.6401    261.5700
     11.6601     72.6900
     11.6801   -110.8100
     11.7001   -274.9900
     11.7201   -411.5100
     11.7401   -503.7900
     11.7601   -512.9000
     11.7801   -422.5200
     11.8001   -321.9900
     11.8201   -257.1700
     11.8401   -194.8300
     11.8601   -125.7900
     11.8801    -63.0900
     11.9001      3.5000
     11.9201     13.1600
     11.9401    -85.6000
     11.9601   -210.0800
     11.9801   -274.8400
     12.0001   -238.9000
     12.0201   -145.9700
     12.0401    -75.6800
     12.0601      9.3000
     12.0801    138.7700
     12.1001    275.3500
     12.1201    368.8200
     12.1401    398.5400
     12.1601    402.9900
     12.1801    389.8700
     12.2001    367.3500
     12.2201    343.4000
     12.2401    313.5000
     12.2601    282.5500
     12.2801    229.0000
     12.3001    122.6500
     12.3201     -6.6100
     12.3401   -128.9000
     12.3601   -236.6900
     12.3801   -324.3600
     12.4001   -368.7600
     12.4201   -336.0500
     12.4401   -244.6700
     12.4601   -163.1600
     12.4801    -91.0800
     12.5001     -2.3300
     12.5201     52.3800
     12.5401     54.4500
     12.5601     21.9200
     12.5801    -25.7700
     12.6001    -75.8000
     12.6201   -119.7500
     12.6401   -148.1800
     12.6601   -174.2900
     12.6801   -212.1700
     12.7001   -248.8600
     12.7201   -292.1200
     12.7401   -300.1400
     12.7601   -261.8300
     12.7801   -216.5400
     12.8001   -162.1800
     12.8201   -116.1900
     12.8401    -95.9500
     12.8601    -77.2300
     12.8801    -28.0500
     12.9001     45.5700
     12.9201    124.5900
     12.9401    198.0000
     12.9601    253.9400
     12.9801    281.7800
     13.0001    266.9800
     13.0201    213.2200
     13.0401    160.0200
     13.0601    136.1000
     13.0801    123.9100
     13.1001    105.8800
     13.1201     95.6800
     13.1401    103.6600
     13.1601    111.8900
     13.1801    119.7800
     13.2001    127.6400
     13.2201    129.6800
     13.2401    134.5500
     13.2601    143.0700
     13.2801    142.4100
     13.3001    117.6000
     13.3201     61.5000
     13.3401    -27.6300
     13.3601   -135.9600
     13.3801   -229.0000
     13.4001   -267.9300
     13.4201   -241.0800
     13.4401   -186.4900
     13.4601   -131.9200
     13.4801    -82.5800
     13.5001    -49.4800
     13.5201    -19.1700
     13.5401     16.2400
     13.5601     57.8900
     13.5801     88.6800
     13.6001     86.2000
     13.6201     61.8300
     13.6401     51.9700
     13.6601     63.6600
     13.6801     79.1800
     13.7001    103.7200
     13.7201    138.3500
     13.7401    154.1000
     13.7601    122.5000
     13.7801     59.5600
     13.8001    -11.4200
     13.8201    -84.4400
     13.8401   -145.0400
     13.8601   -182.0900
     13.8801   -200.0000
     13.9001   -190.4300
     13.9201   -135.1500
     13.9401    -52.6800
     13.9601     18.1200
     13.9801     66.8300
     14.0001    103.6300
     14.0201    131.2900
     14.0401    143.9100
     14.0601    137.0300
     14.0801    111.4400
     14.1001     64.5500
     14.1201      8.2800
     14.1401    -41.0200
     14.1601    -82.0800
     14.1801   -113.8000
     14.2001   -136.2500
     14.2201   -158.5600
     14.2401   -183.8000
     14.2601   -187.3800
     14.2801   -156.9700
     14.3001   -119.5100
     14.3201    -85.1600
     14.3401    -37.9100
     14.3601     22.6900
     14.3801     85.5100
     14.4001    144.5400
     14.4201    185.4400
     14.4401    199.0400
     14.4601    186.5200
     14.4801    142.2900
     14.5001     79.5600
     14.5201     28.3500
     14.5401      3.2000
     14.5601     -3.2600
     14.5801    -20.3000
     14.6001    -62.7600
     14.6201   -105.7300
     14.6401   -129.5000
     14.6601   -146.7500
     14.6801   -166.6000
     14.7001   -165.9400
     14.7201   -121.0400
     14.7401    -51.4900
     14.7601     11.8400
     14.7801     59.1700
     14.8001     93.8600
     14.8201    121.6300
     14.8401    145.8800
     14.8602    158.8300
     14.8802    147.3500
     14.9002    120.8600
     14.9202     81.0000
     14.9402     24.7000
     14.9602    -12.3200
     14.9802    -28.0200
     15.0002    -37.7000
     15.0202    -45.7500
     15.0402    -49.0100
     15.0602    -29.1200
     15.0802      4.5400
     15.1002     34.1500
     15.1202     58.9300
     15.1402     75.6200
     15.1602     87.5800
     15.1802     96.4300
     15.2002     89.0700
     15.2202     66.7100
     15.2402     42.0700
     15.2602     18.5100
     15.2802    -13.2200
     15.3002    -47.0900
     15.3202    -66.6500
     15.3402    -83.9600
     15.3602   -104.4100
     15.3802   -102.9800
     15.4002    -90.5400
     15.4202    -66.9500
     15.4402    -29.6600
     15.4602      1.9100
     15.4802     27.9900
     15.5002     51.6700
     15.5202     64.7600
     15.5402     64.3100
     15.5602     64.9100
     15.5802     78.3400
     15.6002     85.9600
     15.6202     75.5900
     15.6402     65.8100
     15.6602     63.5700
     15.6802     63.6000
     15.7002     60.1600
     15.7202     53.1600
     15.7402     37.2300
     15.7602     17.9700
     15.7802      6.4900
     15.8002    -17.3400
     15.8202    -46.2600
     15.8402    -50.6500
     15.8602    -52.0000
     15.8802    -61.8300
     15.9002    -56.9600
     15.9202    -49.4800
     15.9402    -54.9600
     15.9602    -63.9000
     15.9802    -70.9800
     16.0002    -75.9200
     16.0202    -73.7000
     16.0402    -73.2000
     16.0602    -78.8200
     16.0802    -71.7300
     16.1002    -49.5400
     16.1202    -32.2000
     16.1402    -21.7400
     16.1602     -7.6800
     16.1802     18.6000
     16.2002     47.9300
     16.2202     70.6800
     16.2402     81.8100
     16.2602     85.8400
     16.2802     85.8400
     16.3002     69.8200
     16.3202     44.0700
     16.3402     22.0100
     16.3602     -4.6000
     16.3802    -44.3400
     16.4002    -73.6700
     16.4202    -85.4200
     16.4402    -94.1800
     16.4602    -88.7700
     16.4802    -65.9600
     16.5002    -47.7200
     16.5202    -33.8200
     16.5402    -12.4100
     16.5602     11.2700
     16.5802     22.1300
     16.6002     34.4100
     16.6202     61.5300
     16.6402     81.0600
     16.6602     79.4400
     16.6802     63.4500
     16.7002     38.3000
     16.7202      7.1200
     16.7402    -17.2800
     16.7602    -32.1700
     16.7802    -48.3800
     16.8002    -68.1100
     16.8202    -86.2000
     16.8402    -97.9800
     16.8602    -99.1800
     16.8802    -86.5300
     16.9002    -61.3200
     16.9202    -39.1100
     16.9402    -27.9900
     16.9602    -13.8700
     16.9802      8.3700
     17.0002     25.5300
     17.0202     24.0700
     17.0402     15.4600
     17.0602     20.4200
     17.0802     34.2400
     17.1002     37.3500
     17.1202     28.4300
     17.1402     25.5300
     17.1602     22.9900
     17.1802     15.0700
     17.2002     11.6300
     17.2202      8.6400
     17.2402     -4.0400
     17.2602    -24.3700
     17.2802    -40.2200
     17.3002    -47.7200
     17.3202    -53.3400
     17.3402    -60.7600
     17.3602    -68.4700
     17.3802    -60.5200
     17.4002    -27.5700
     17.4202     16.5000
     17.4402     54.8100
     17.4602     84.4100
     17.4802    103.3900
     17.5002    102.1700
     17.5202     84.8900
     17.5402     68.2300
     17.5602     54.3300
     17.5802     33.7600
     17.6002      5.2300
     17.6202    -21.7700
     17.6402    -40.1300
     17.6602    -48.6500
     17.6802    -56.1800
     17.7002    -77.1700
     17.7202    -95.9800
     17.7402    -88.6500
     17.7602    -63.9900
     17.7802    -45.6600
     17.8002    -36.0000
     17.8202    -22.0400
     17.8402     -0.8700
     17.8602      9.1800
     17.8802     -3.2900
     17.9002    -26.9100
     17.9202    -46.7600
     17.9402    -56.4500
     17.9602    -62.1600
     17.9802    -69.0400
     18.0002    -75.4100
     18.0202    -82.8500
     18.0402    -83.5700
     18.0602    -69.1300
     18.0802    -43.7700
     18.1002    -14.6200
     18.1202     18.5400
     18.1402     54.6000
     18.1602     89.1600
     18.1802    124.3500
     18.2002    156.4100
     18.2202    172.4300
     18.2402    175.2400
     18.2602    177.5800
     18.2802    178.2900
     18.3002    163.0400
     18.3202    130.0700
     18.3402     93.6500
     18.3602     60.3100
     18.3802     26.6400
     18.4002     -6.0700
     18.4202    -32.9200
     18.4402    -48.5600
     18.4602    -55.2900
     18.4802    -55.3100
     18.5002    -48.0800
     18.5202    -39.8600
     18.5402    -32.5300
     18.5602    -20.4500
     18.5802     -9.4200
     18.6002    -13.3400
     18.6202    -22.0700
     18.6402    -22.4200
     18.6602    -23.3800
     18.6802    -34.9200
     18.7002    -46.0800
     18.7202    -43.6500
     18.7402    -31.5700
     18.7602    -24.6700
     18.7802    -25.3900
     18.8002    -11.8700
     18.8202     24.7300
     18.8402     67.2500
     18.8602     97.5900
     18.8802    116.1000
     18.9002    126.1200
     18.9202    120.9200
     18.9402    100.5200
     18.9602     69.7300
     18.9802     31.1000
     19.0002     -6.4600
     19.0202    -34.4100
     19.0402    -56.3600
     19.0602    -79.0900
     19.0802    -98.1000
     19.1002   -103.2700
     19.1202    -92.9600
     19.1402    -71.9700
     19.1602    -46.1100
     19.1802    -14.2600
     19.2002     18.6000
     19.2202     46.4300
     19.2402     66.5900
     19.2603     74.6600
     19.2803     77.5000
     19.3003     84.3800
     19.3203     87.9100
     19.3403     77.6500
     19.3603     60.1000
     19.3803     45.7500
     19.4003     35.5200
     19.4203     29.5100
     19.4403     29.6000
     19.4603     29.9600
     19.4803     20.7800
     19.5003      7.1500
     19.5203     -0.6900
     19.5403     -8.9700
     19.5603    -21.6500
     19.5803    -32.4700
     19.6003    -44.9400
     19.6203    -61.2100
     19.6403    -73.8500
     19.6603    -82.3700
     19.6803    -79.8600
     19.7003    -56.6300
     19.7203    -36.4200
     19.7403    -33.7600
     19.7603    -31.2200
     19.7803    -24.0700
     19.8003    -17.2800
     19.8203    -14.4100
     19.8403    -21.8000
     19.8603    -33.0100
     19.8803    -30.5900
     19.9003    -16.1800
     19.9203      0.3000
     19.9403     17.8200
     19.9603     28.0200
     19.9803     27.7500
     20.0003     27.5400
     20.0203     25.2700
     20.0403     14.6500
     20.0603      3.6200
     20.0803     -1.6100
     20.1003     -9.8400
     20.1203    -21.6500
     20.1403    -21.7400
     20.1603    -14.1700
     20.1803     -9.5400
     20.2003     -4.6600
     20.2203      0.8100
     20.2403     10.6400
     20.2603     24.4300
     20.2803     31.6600
     20.3003     31.9600
     20.3203     28.3500
     20.3403     14.3200
     20.3603     -2.6600
     20.3803    -11.9300
     20.4003    -20.4800
     20.4203    -27.1500
     20.4403    -25.2700
     20.4603    -25.3000
     20.4803    -30.0500
     20.5003    -29.1800
     20.5203    -21.7100
     20.5403    -17.5500
     20.5603    -17.6100
     20.5803    -14.8000
     20.6003     -6.4000
     20.6203     -0.7800
     20.6403     -2.0000
     20.6603     -1.9700
     20.6803     -0.3000
     20.7003     -0.9600
     20.7203     -1.0800
     20.7403     -0.9300
     20.7603     -5.2900
     20.7803    -14.4100
     20.8003    -23.7400
     20.8203    -28.8200
     20.8403    -32.2600
     20.8603    -34.3000
     20.8803    -26.2500
     20.9003     -6.3700
     20.9203     15.3400
     20.9403     30.2000
     20.9603     33.3100
     20.9803     21.4100
     21.0003      0.5400
     21.0203    -20.9900
     21.0403    -38.7200
     21.0603    -50.7400
     21.0803    -59.4700
     21.1003    -62.2800
     21.1203    -51.4000
     21.1403    -28.5800
     21.1603     -1.5200
     21.1803     30.3800
     21.2003     68.8900
     21.2203    104.6200
     21.2403    130.5700
     21.2603    146.2100
     21.2803    151.0200
     21.3003    146.8100
     21.3203    135.0300
     21.3403    112.2400
     21.3603     78.5500
     21.3803     41.4100
     21.4003      1.8500
     21.4203    -39.2300
     21.4403    -73.4600
     21.4603   -100.0800
     21.4803   -121.4500
     21.5003   -127.7900
     21.5203   -113.3800
     21.5403    -89.4900
     21.5603    -66.5900
     21.5803    -48.1100
     21.6003    -22.1600
     21.6203     14.5900
     21.6403     46.6100
     21.6603     66.2000
     21.6803     76.3900
     21.7003     69.5200
     21.7203     41.2300
     21.7403      8.0100
     21.7603    -20.3600
     21.7803    -45.9900
     21.8003    -65.8100
     21.8203    -81.0300
     21.8403    -95.4400
     21.8603   -101.2400
     21.8803    -91.8500
     21.9003    -69.7900
     21.9203    -38.8700
     21.9403     -4.8100
     21.9603     23.4100
     21.9803     43.2400
     22.0003     55.9100
     22.0203     59.0200
     22.0403     51.6400
     22.0603     41.8600
     22.0803     30.7700
     22.1003     12.8000
     22.1203     -6.3100
     22.1403    -16.5300
     22.1603    -18.9300
     22.1803    -20.4200
     22.2003    -18.2700
     22.2203     -4.8100
     22.2403     14.4700
     22.2603     28.3500
     22.2803     32.2900
     22.3003     30.8300
     22.3203     27.3000
     22.3403     16.8300
     22.3603     -1.6400
     22.3803    -22.7500
     22.4003    -41.2000
     22.4203    -52.7400
     22.4403    -49.3900
     22.4603    -28.1700
     22.4803     -3.7700
     22.5003      5.5000
     22.5203     10.9400
     22.5403     28.5800
     22.5603     47.3900
     22.5803     54.2100
     22.6003     46.6700
     22.6203     30.5300
     22.6403     13.2800
     22.6603      3.2900
     22.6803      3.7400
     22.7003      7.0300
     22.7203     10.2900
     22.7403     16.0600
     22.7603     19.3200
     22.7803     12.7400
     22.8003      1.0800
     22.8203     -8.2500
     22.8403    -12.0500
     22.8603    -10.1100
     22.8803    -12.0500
     22.9003    -22.8700
     22.9203    -31.3700
     22.9403    -30.3800
     22.9603    -22.9300
     22.9803    -12.9200
     23.0003     -5.0800
     23.0203     -2.7500
     23.0403      0.4500
     23.0603      9.2100
     23.0803     19.4600
     23.1003     29.0600
     23.1203     36.7200
     23.1403     38.7800
     23.1603     36.4500
     23.1803     33.2500
     23.2003     28.5200
     23.2203     18.6900
     23.2403      4.5700
     23.2603    -12.0800
     23.2803    -30.0500
     23.3003    -39.1400
     23.3203    -34.3000
     23.3403    -27.3000
     23.3603    -28.9100
     23.3803    -36.3000
     23.4003    -39.3500
     23.4203    -34.0900
     23.4403    -23.8300
     23.4603    -10.7600
     23.4803      4.6900
     23.5003     17.0100
     23.5203     24.7300
     23.5403     29.6300
     23.5603     31.3100
     23.5803     30.2300
     23.6003     25.0300
     23.6203     16.3300
     23.6404     12.9200
     23.6604     15.2500
     23.6804     13.6900
     23.7004     11.6900
     23.7204     14.3500
     23.7404     14.8900
     23.7604     10.5800
     23.7804      7.2100
     23.8004      9.5700
     23.8204     10.7600
     23.8404      9.0300
     23.8604     10.2000
     23.8804      7.0000
     23.9004     -4.2500
     23.9204    -12.1400
     23.9404    -13.6000
     23.9604    -12.8000
     23.9804    -10.7000
     24.0004     -4.7200
     24.0204      0.4800
     24.0404     -1.8800
     24.0604     -6.9700
     24.0804     -8.4600
     24.1004     -8.4300
     24.1204     -8.7900
     24.1404     -7.3000
     24.1604     -7.4500
     24.1804     -9.8100
     24.2004     -7.9800
     24.2204     -5.8300
     24.2404     -6.2200
     24.2604     -3.6200
     24.2804     -2.4800
     24.3004     -3.5300
     24.3204     -2.6600
     24.3404     -4.4300
     24.3604    -11.3900
     24.3804    -18.6300
     24.4004    -21.7400
     24.4204    -20.5100
     24.4404    -15.2800
     24.4604     -6.4900
     24.4804      6.2500
     24.5004     20.5100
     24.5204     31.8700
     24.5404     37.5800
     24.5604     38.1800
     24.5804     31.7500
     24.6004     19.0800
     24.6204      5.6800
     24.6404     -7.5000
     24.6604    -22.2500
     24.6804    -34.8300
     24.7004    -42.7600
     24.7204    -43.6800
     24.7404    -36.2400
     24.7604    -26.4000
     24.7804    -18.0600
     24.8004     -8.3700
     24.8204      2.6600
     24.8404     11.2400
     24.8604     16.0300
     24.8804     18.5400
     24.9004     18.7500
     24.9204     16.2400
     24.9404      9.3000
     24.9604     -0.8400
     24.9804     -7.5900
     25.0004    -10.7300
     25.0204    -14.6800
     25.0404    -17.0100
     25.0604    -15.1000
     25.0804    -11.4200
     25.1004     -6.1300
     25.1204      1.1700
     25.1404      4.5700
     25.1604      1.9700
     25.1804     -1.0500
     25.2004     -2.6000
     25.2204     -2.2700
     25.2404     -1.0500
     25.2604     -2.3000
     25.2804     -5.4700
     25.3004     -8.0700
     25.3204     -7.4500
     25.3404     -2.6900
     25.3604      3.7400
     25.3804     10.4900
     25.4004     18.5100
     25.4204     26.3700
     25.4404     31.1000
     25.4604     34.9200
     25.4804     37.7000
     25.5004     35.7600
     25.5204     27.3300
     25.5404     14.8600
     25.5604      4.4600
     25.5804     -3.0200
     25.6004     -9.9300
     25.6204    -15.6400
     25.6404    -17.9400
     25.6604    -16.3900
     25.6804    -12.3500
     25.7004     -7.5900
     25.7204     -3.3200
     25.7404      2.0000
     25.7604      9.8100
     25.7804     15.1600
     25.8004     11.7200
     25.8204      1.5500
     25.8404     -9.2100
     25.8604    -17.4300
     25.8804    -18.7800
     25.9004    -14.8900
     25.9204    -11.9000
     25.9404     -8.7300
     25.9604     -2.4800
     25.9804      4.6000
     26.0004      9.2100
     26.0204     10.2300
     26.0404      9.7200
     26.0604      6.8500
     26.0804     -0.7800
     26.1004     -7.2700
     26.1204     -8.3100
     26.1404     -7.1200
     26.1604     -6.1000
     26.1804     -3.2300
     26.2004      0.4800
     26.2204      1.8200
     26.2404      3.3500
     26.2604      5.6200
     26.2804      5.8600
     26.3004      2.5100
     26.3204     -2.5100
     26.3404     -4.4000
     26.3604     -4.2200
     26.3804     -2.2700
     26.4004      3.8000
     26.4204      8.8800
     26.4404      9.7500
     26.4604      7.0600
     26.4804      4.3700
     26.5004      3.2900
     26.5204      2.8400
     26.5404      4.0700
     26.5604      6.4000
     26.5804     10.4100
     26.6004     16.7700
     26.6204     22.7200
     26.6404     26.4300
     26.6604     28.3500
     26.6804     25.5000
     26.7004     15.8500
     26.7204      2.8100
     26.7404    -10.5800
     26.7604    -23.1400
     26.7804    -32.2000
     26.8004    -37.5800
     26.8204    -44.4900
     26.8404    -52.5900
     26.8604    -54.6900
     26.8804    -48.1400
     26.9004    -35.7900
     26.9204    -23.6500
     26.9404    -13.0700
     26.9604     -1.5200
     26.9804      8.9400
     27.0004     17.7300
     27.0204     25.1800
     27.0404     29.2100
     27.0604     27.8700
     27.0804     22.4500
     27.1004     15.1000
     27.1204      7.1800
     27.1404     -0.2100
     27.1604     -7.0900
     27.1804    -10.7600
     27.2004     -9.2700
     27.2204     -4.3100
     27.2404      3.8900
     27.2604     12.5600
     27.2804     15.3700
     27.3004     14.5300
     27.3204     14.3200
     27.3404     12.9500
     27.3604     11.2400
     27.3804      9.7500
     27.4004      5.8600
     27.4204     -0.0300
     27.4404     -5.1700
     27.4604     -7.3600
     27.4804     -5.8900
     27.5004     -2.2100
     27.5204      2.0000
     27.5404      4.8700
     27.5604      7.2700
     27.5804     10.4100
     27.6004     10.1400
     27.6204      5.0200
     27.6404     -2.0900
     27.6604     -8.7900
     27.6804    -14.4700
     27.7004    -17.4000
     27.7204    -14.4100
     27.7404     -6.1600
     27.7604      4.0100
     27.7804     12.0500
     27.8004     15.4300
     27.8204     13.7500
     27.8404      7.6200
     27.8604     -1.4100
     27.8804    -10.9700
     27.9004    -19.4900
     27.9204    -26.2800
     27.9404    -29.6900
     27.9604    -28.9400
     27.9804    -25.4700
     28.0005    -17.8500
     28.0205     -5.8000
     28.0405      5.0800
     28.0605     12.4400
     28.0805     18.6600
     28.1005     22.5400
     28.1205     23.3200
     28.1405     22.0100
     28.1605     17.4600
     28.1805     10.6700
     28.2005      5.5300
     28.2205      5.4100
     28.2405      7.6800
     28.2605      6.4000
     28.2805      1.2900
     28.3005     -4.1600
     28.3205     -5.9200
     28.3405     -3.4700
     28.3605     -0.7200
     28.3805      0.4800
     28.4005     -0.0300
     28.4205      0.6000
     28.4405      3.8900
     28.4605      6.4300
     28.4805      6.8500
     28.5005      6.6100
     28.5205      6.4600
     28.5405      6.0700
     28.5605      5.5600
     28.5805      6.0400
     28.6005      6.4000
     28.6205      5.6500
     28.6405      1.9700
     28.6605     -7.0900
     28.6805    -17.5500
     28.7005    -23.2300
     28.7205    -22.6000
     28.7405    -19.5200
     28.7605    -19.0500
     28.7805    -19.9700
     28.8005    -18.0900
     28.8205    -12.2600
     28.8405     -3.1100
     28.8605      5.2900
     28.8805     10.2600
     28.9005     14.4100
     28.9205     18.0600
     28.9405     18.9900
     28.9605     17.0700
     28.9805     12.4700
     29.0005      8.1300
     29.0205      4.4300
     29.0405      0.2100
     29.0605     -2.4200
     29.0805     -2.9900
     29.1005     -1.7900
     29.1205      0.9900
     29.1405      4.4000
     29.1605      7.5300
     29.1805     10.6700
     29.2005     13.2800
     29.2205     12.3200
     29.2405      7.5000
     29.2605      0.7200
     29.2805     -4.7500
     29.3005     -6.9700
     29.3205     -7.5300
     29.3405     -9.2100
     29.3605    -10.4900
     29.3805     -9.4200
     29.4005     -7.0300
     29.4205     -2.0900
     29.4405      2.2100
     29.4605      1.7300
     29.4805      1.0800
     29.5005      3.9800
     29.5205      4.2500
     29.5405      2.8700
     29.5605      3.4700
     29.5805      3.7100
     29.6005      2.3900
     29.6205      2.1800
     29.6405      3.3800
     29.6605      4.7500
     29.6805      6.1600
     29.7005      6.0400
     29.7205      2.4800
     29.7405     -3.9200
     29.7605     -8.1300
     29.7805     -6.8200
     29.8005     -4.6600
     29.8205     -4.5700
     29.8405     -4.4000
     29.8605     -2.7800
     29.8805     -0.5400
     29.9005      0.8400
     29.9205      0.4800
     29.9405     -3.9800
     29.9605    -10.6100
     29.9805    -13.5400
     30.0005    -12.8600
     30.0205    -11.1200
     30.0405     -7.5300
     30.0605     -3.2600
     30.0805     -0.4800
     30.1005      1.8200
     30.1205      4.9600
     30.1405      4.8100
     30.1605      1.4400
     30.1805      1.5200
     30.2005      4.4600
     30.2205      3.9800
     30.2405     -2.4500
     30.2605     -8.2200
     30.2805     -8.2500
     30.3005     -5.6200
     30.3205     -2.3900
     30.3405     -0.1500
     30.3605      0.1800
     30.3805      0.9900
     30.4005      4.3400
     30.4205      7.2400
     30.4405      7.4500
     30.4605      6.5500
     30.4805      5.1400
     30.5005      2.1800
     30.5205     -1.2000
     30.5405     -0.7800
     30.5605      1.8800
     30.5805      2.8700
     30.6005      3.2900
     30.6205      4.5100
     30.6405      5.9800
     30.6605      8.0700
     30.6805      9.6600
     30.7005      8.1900
     30.7205      4.3400
     30.7405      0.6000
     30.7605     -2.9900
     30.7805     -7.0300
     30.8005     -9.3000
     30.8205     -8.3400
     30.8405     -5.0800
     30.8605     -1.4400
     30.8805      0.9300
     30.9005      2.2700
     30.9205      2.6600
     30.9405      0.3300
     30.9605     -2.8100
     30.9805     -4.6300
     31.0005     -6.3400
     31.0205     -7.0000
     31.0405     -6.5800
     31.0605     -8.9400
     31.0805    -13.2200
     31.1005    -15.5800
     31.1205    -15.9100
     31.1405    -15.5800
     31.1605    -14.3800
     31.1805    -12.0500
     31.2005     -9.4500
     31.2205     -5.2300
     31.2405      0.3000
     31.2605      3.2900
     31.2805      3.7400
     31.3005      5.7400
     31.3205      9.3600
     31.3405     13.1300
     31.3605     15.7600
     31.3805     15.7900
     31.4005     13.7800
     31.4205     10.7300
     31.4405      6.5500
     31.4605      0.6600
     31.4805     -6.1300
     31.5005     -9.8100
     31.5205     -9.8700
     31.5405     -8.6100
     31.5605     -5.4400
     31.5805     -1.9700
     31.6005     -0.6600
     31.6205      1.0800
     31.6405      3.7400
     31.6605      5.0200
     31.6805      4.6600
     31.7005      3.7100
     31.7205      2.1800
     31.7405     -0.9000
     31.7605     -4.6900
     31.7805     -7.4200
     31.8005     -8.6400
     31.8205     -7.3300
     31.8405     -2.9000
     31.8605      2.0600
     31.8805      7.3600
     31.9005     11.6300
     31.9205     12.5900
     31.9405     12.3500
     31.9605     10.4400
     31.9805      6.3700
     32.0005      3.1100
     32.0205      0.6900
     32.0405     -0.6900
     32.0605      0.6300
     32.0805      3.6800
     32.1005      5.7100
     32.1205      4.9900
     32.1405      4.0400
     32.1605      4.4600
     32.1805      4.9900
     32.2005      4.5400
     32.2205      3.9200
     32.2405      4.1000
     32.2605      3.3500
     32.2805      1.9700
     32.3005      1.4400
     32.3205      0.9600
     32.3405     -1.2900
     32.3605     -3.5000
     32.3806     -2.8700
     32.4006     -1.6100
     32.4206     -0.7200
     32.4406      1.9700
     32.4606      3.2600
     32.4806      0.1200
     32.5006     -2.4200
     32.5206     -3.0800
     32.5406     -3.8900
     32.5606     -4.7800
     32.5806     -3.9200
     32.6006     -1.0200
     32.6206      2.0900
     32.6406      3.9200
     32.6606      4.1900
     32.6806      3.6500
     32.7006      4.4300
     32.7206      5.6800
     32.7406      5.3500
     32.7606      4.6900
     32.7806      5.7400
     32.8006      6.8500
     32.8206      6.5800
     32.8406      4.8400
     32.8606      3.7400
     32.8806      3.7700
     32.9006      4.1300
     32.9206      3.7700
     32.9406      1.7600
     32.9606     -1.0800
     32.9806     -5.2900
     33.0006     -9.6600
     33.0206    -11.1800
     33.0406    -10.5800
     33.0606     -9.3900
     33.0806     -8.1300
     33.1006     -8.1300
     33.1206     -8.4600
     33.1406     -7.5600
     33.1606     -5.9200
     33.1806     -5.4100
     33.2006     -7.1500
     33.2206     -8.9100
     33.2406     -9.1800
     33.2606     -9.4800
     33.2806     -9.5400
     33.3006     -9.0300
     33.3206     -7.8900
     33.3406     -5.0500
     33.3606     -1.0500
     33.3806      3.2900
     33.4006      6.9100
     33.4206      9.2100
     33.4406     10.0800
     33.4606      9.7800
     33.4806      9.4800
     33.5006      8.9700
     33.5206      7.1200
     33.5406      3.1700
     33.5606     -0.6600
     33.5806     -2.3300
     33.6006     -2.0900
     33.6206     -0.5100
     33.6406      1.1400
     33.6606      0.3000
     33.6806     -1.2900
     33.7006     -0.5400
     33.7206      0.5100
     33.7406     -0.0600
     33.7606     -1.2300
     33.7806     -3.0500
     33.8006     -3.3500
     33.8206     -0.8700
     33.8406      2.4200
     33.8606      5.3200
     33.8806      7.0600
     33.9006      6.8200
     33.9206      5.1400
     33.9406      3.3800
     33.9606      0.8700
     33.9806     -4.2800
     34.0006     -9.1800
     34.0206     -9.8100
     34.0406     -8.4900
     34.0606     -7.7700
     34.0806     -6.8200
     34.1006     -4.6300
     34.1206     -1.3800
     34.1406      1.5200
     34.1606      4.0700
     34.1806      6.7900
     34.2006      7.7400
     34.2206      6.6700
     34.2406      3.9500
     34.2606      0.3900
     34.2806     -3.3200
     34.3006     -6.7900
     34.3206     -8.5500
     34.3406     -9.3000
     34.3606     -9.1500
     34.3806     -7.3900
     34.4006     -3.9500
     34.4206     -0.9600
     34.4406      1.1400
     34.4606      2.6300
     34.4806      3.9500
     34.5006      4.4600
     34.5206      3.4700
     34.5406      2.4500
     34.5606      2.8400
     34.5806      4.4600
     34.6006      5.2600
     34.6206      5.5300
     34.6406      5.6800
     34.6606      6.0100
     34.6806      7.2400
     34.7006      8.1300
     34.7206      9.0600
     34.7406      9.3900
     34.7606      9.3300
     34.7806      8.2500
     34.8006      4.1900
     34.8206     -0.0600
     34.8406     -3.8300
     34.8606     -7.3900
     34.8806     -9.6300
     34.9006    -10.9400
     34.9206    -11.8700
     34.9406    -11.9300
     34.9606    -10.4700
     34.9806     -6.6100
     35.0006     -2.6600
     35.0206     -1.7600
     35.0406     -2.0300
     35.0606     -1.8500
     35.0806     -1.9700
     35.1006     -1.8800
     35.1206     -1.7600
     35.1406     -2.2700
     35.1606     -1.0500
     35.1806      2.5700
     35.2006      5.2000
     35.2206      7.1500
     35.2406      9.2100
     35.2606     10.9100
     35.2806     10.8800
     35.3006      7.9500
     35.3206      4.4000
     35.3406      2.9600
     35.3606      2.9900
     35.3806      2.2100
     35.4006      1.3200
     35.4206      1.0500
     35.4406      1.4700
     35.4606      2.6600
     35.4806      2.5700
     35.5006      1.2300
     35.5206      0.3600
     35.5406      0.9000
     35.5606      1.1700
     35.5806      0.1500
     35.6006      0.0300
     35.6206      1.0800
     35.6406      2.3900
     35.6606      3.3500
     35.6806      3.1400
     35.7006      2.2700
     35.7206      0.6600
     35.7406     -1.3500
     35.7606     -2.7500
     35.7806     -3.6200
     35.8006     -3.3500
     35.8206     -2.3000
     35.8406     -2.9600
     35.8606     -5.5000
     35.8806     -8.3700
     35.9006    -10.4100
     35.9206     -9.7800
     35.9406     -6.4900
     35.9606     -3.7100
     35.9806     -2.5400
     36.0006     -0.1200
     36.0206      4.1300
     36.0406      7.5600
     36.0606      9.8400
     36.0806     12.0200
     36.1006     13.4800
     36.1206     14.8600
     36.1406     16.2400
     36.1606     15.1000
     36.1806     11.0000
     36.2006      5.7400
     36.2206     -0.2700
     36.2406     -6.2500
     36.2606    -10.0200
     36.2806    -12.1700
     36.3006    -14.0800
     36.3206    -14.9500
     36.3406    -13.6000
     36.3606     -9.8400
     36.3806     -4.1900
     36.4006      0.9000
     36.4206      3.1400
     36.4406      4.4900
     36.4606      5.9200
     36.4806      5.9800
     36.5006      4.9600
     36.5206      2.5400
     36.5406     -0.8100
     36.5606     -2.7800
     36.5806     -2.9300
     36.6006     -3.0500
     36.6206     -4.5100
     36.6406     -7.8600
     36.6606    -11.5700
     36.6806    -14.0500
     36.7006    -14.8600
     36.7206    -13.3400
     36.7407     -9.7500
     36.7607     -5.2600
     36.7807     -1.1100
     36.8007      1.7300
     36.8207      3.2900
     36.8407      4.1000
     36.8607      2.8400
     36.8807     -0.6000
     36.9007     -3.1100
     36.9207     -2.6300
     36.9407     -0.7800
     36.9607      0.5700
     36.9807      1.7600
     37.0007      3.7100
     37.0207      5.2900
     37.0407      5.8900
     37.0607      6.0400
     37.0807      4.9900
     37.1007      3.9200
     37.1207      2.8400
     37.1407      1.0200
     37.1607      0.3900
     37.1807      2.3600
     37.2007      4.9300
     37.2207      6.2800
     37.2407      4.9900
     37.2607      1.2000
     37.2807     -1.2900
     37.3007     -1.4400
     37.3207     -2.3000
     37.3407     -4.6300
     37.3607     -6.2200
     37.3807     -5.2900
     37.4007     -2.8100
     37.4207     -1.0500
     37.4407     -0.4500
     37.4607     -0.2400
     37.4807      0.4200
     37.5007      1.3200
     37.5207      0.8700
     37.5407     -1.7000
     37.5607     -4.4300
     37.5807     -5.7100
     37.6007     -6.6100
     37.6207     -7.1200
     37.6407     -6.4300
     37.6607     -5.0200
     37.6807     -2.5400
     37.7007     -0.0900
     37.7207      0.0900
     37.7407     -1.6400
     37.7607     -3.3800
     37.7807     -3.9800
     37.8007     -4.2500
     37.8207     -4.9300
     37.8407     -5.1700
     37.8607     -2.5700
     37.8807      2.9600
     37.9007      8.5800
     37.9207     11.1500
     37.9407     10.7000
     37.9607      9.5100
     37.9807      7.7100
     38.0007      5.2000
     38.0207      2.4200
     38.0407      0.0600
     38.0607     -1.9400
     38.0807     -2.6900
     38.1007     -1.4100
     38.1207      0.9900
     38.1407      4.1600
     38.1607      7.2700
     38.1807      8.4900
     38.2007      8.9400
     38.2207      9.8400
     38.2407      9.9900
     38.2607      8.5800
     38.2807      5.9500
     38.3007      2.3900
     38.3207     -1.2000
     38.3407     -3.5300
     38.3607     -4.1600
     38.3807     -3.7100
     38.4007     -2.2100
     38.4207     -0.3300
     38.4407      0.7500
     38.4607      1.7900
     38.4807      2.8700
     38.5007      3.3200
     38.5207      3.6800
     38.5407      3.4400
     38.5607      2.2400
     38.5807      0.5400
     38.6007     -0.9000
     38.6207     -1.6700
     38.6407     -3.0200
     38.6607     -5.0200
     38.6807     -6.5200
     38.7007     -7.3900
     38.7207     -7.9500
     38.7407     -7.9800
     38.7607     -7.1800
     38.7807     -5.6200
     38.8007     -3.8900
     38.8207     -2.1200
     38.8407     -1.3800
     38.8607     -1.1100
     38.8807     -1.8200
     38.9007     -4.9300
     38.9207     -8.1600
     38.9407     -9.3000
     38.9607     -8.5800
     38.9807     -6.5500
     39.0007     -3.9800
     39.0207     -1.2000
     39.0407      2.2100
     39.0607      6.5200
     39.0807     10.6100
     39.1007     12.9500
     39.1207     13.5400
     39.1407     13.3400
     39.1607     12.5600
     39.1807     10.9100
     39.2007      7.9800
     39.2207      4.2500
     39.2407      0.3000
     39.2607     -3.4100
     39.2807     -6.2200
     39.3007     -7.1500
     39.3207     -5.7400
     39.3407     -2.9000
     39.3607     -0.3000
     39.3807      0.7500
     39.4007      0.4500
     39.4207     -0.0900
     39.4407     -0.7200
     39.4607     -2.0000
     39.4807     -3.6800
     39.5007     -3.5600
     39.5207     -1.5000
     39.5407      0.3900
     39.5607      2.7500
     39.5807      2.8400
     39.6007      0.6300
     39.6207      1.4400
     39.6407      1.0200
     39.6607      1.1400
     39.6807      4.5400
     39.7007      3.1100
     39.7207     -0.1200
     39.7407      0.5400
     39.7607      4.9300
     39.7807      8.0700
     39.8007     -1.2300
     39.8207     -9.9000
     39.8407     -5.6500
     39.8607      1.3800
     39.8807      5.6500
     39.9007     -0.5700
     39.9207     -8.4900
     39.9407     -7.0300
     39.9607      0.0000
     39.9807      2.0600
